Species	Tleaf	VPA	CO2	PAR	Psoil	Pleaf	A	Gs	Vcmax	WeibullB	WeibullC
Picea abies	27.13	1.99404492430935	40.008	799	0.36	0.948	13.13457041	0.184272207	43	4.7	3.3
Picea abies	27.5	2.01381109243154	39.972	799	0.28	0.959	6.335077179	0.118335853	43	4.7	3.3
Picea abies	27.5	2.00731167443154	39.988	799	0.36	0.98	8.917290162	0.100384699	43	4.7	3.3
Picea abies	27.87	2.0225288386174	39.975	799	0.36	0.686	4.908415191	0.039355399	43	4.7	3.3
Picea abies	28.8	2.27069531422299	40.09	799	0.3	0.743	6.643482227	0.082037802	43	4.7	3.3
Picea abies	29.49	2.39616235632976	40.114	799	0.25	0.829	8.288655221	0.064031228	43	4.7	3.3
Picea abies	29.89	2.56779221038062	40.048	801	0.23	0.819	6.863679273	0.066453093	43	4.7	3.3
Picea abies	29.52	2.57900221525505	40.084	800	0.21	0.689	5.316182955	0.081942077	43	4.7	3.3
Picea abies	29.78	2.73867479640468	40.102	800	0.31	1.072	2.483002357	0.122564588	43	4.7	3.3
Picea abies	30.15	2.85998251363298	40.141	798	0.25	1.128	7.193585376	0.138483567	43	4.7	3.3
Picea abies	29.93	2.85870675929904	40.129	801	0.22	0.894	4.125929707	0.188198039	43	4.7	3.3
Picea abies	29.97	2.88713826212817	40.135	799	0.28	0.819	4.50785468	0.133949778	43	4.7	3.3
Picea abies	29.8	2.82453029410886	39.962	801	0.2	0.9	2.943482161	0.112925961	43	4.7	3.3
Picea abies	29.11	2.71824788613021	39.966	801	0.27	1.028	4.109256067	0.127025751	43	4.7	3.3
Picea abies	28.61	2.63182694905345	39.936	800	0.24	0.854	4.281690793	0.12716227	43	4.7	3.3
Picea abies	28.61	2.57797804705345	39.936	800	0.25	0.878	4.510676055	0.128591675	43	4.7	3.3
Picea abies	28.86	2.62031773458951	39.958	800	0.26	0.955	5.98605031	0.208451569	43	4.7	3.3
Picea abies	28.57	2.54820014121461	39.935	800	0.25	0.959	4.079528298	0.242700143	43	4.7	3.3
Picea abies	28.56	2.55347002115463	39.917	800	0.29	1.19	6.355991044	0.181172259	43	4.7	3.3
Picea abies	28.22	2.40440554561533	39.897	801	0.31	1.239	4.178923551	0.128919765	43	4.7	3.3
Picea abies	28.08	2.39051034841235	39.896	801	0.22	1.208	6.964394756	0.120010428	43	4.7	3.3
Picea abies	27.97	2.35268858336497	39.891	800	0.23	0.94	4.859370153	0.132029609	43	4.7	3.3
Picea abies	27.85	2.33122610708875	39.907	800	0.25	1.012	3.123457702	0.56361953	43	4.7	3.3
Picea abies	27.83	2.29179770926788	39.912	799	0.24	0.986	2.875221715	0.265523312	43	4.7	3.3
Picea abies	28.02	2.26622402826345	39.91	799	0.2	1.159	1.301039981	0.146054031	43	4.7	3.3
Picea abies	27.94	2.29986727155379	39.928	800	0.34	1.138	4.699741705	0.278950622	43	4.7	3.3
Picea abies	27.99	2.26834305066857	39.924	800	0.23	0.938	4.211832867	0.15366651	43	4.7	3.3
Picea abies	27.89	2.33797264763665	39.945	800	0.27	1.098	3.062379589	0.678227922	43	4.7	3.3
Picea abies	27.87	2.3720241266174	39.959	799	0.43	0.659	4.148072137	0.576815905	43	4.7	3.3
Picea abies	28.22	2.30785652861533	39.983	799	0.35	0.99	5.846740776	0.292064372	43	4.7	3.3
Picea abies	28.45	2.42132664092173	39.989	800	0.25	0.838	5.761309217	0.384934356	43	4.7	3.3
Picea abies	28.4	2.36006815667819	40.013	800	0.3	1.108	6.267898825	0.194926707	43	4.7	3.3
Picea abies	28.38	2.42378395861972	40.004	800	0.24	0.995	4.01704233	0.424267338	43	4.7	3.3
Picea abies	27.79	2.35286715863094	39.998	800	0.23	0.787	4.874481984	0.484237491	43	4.7	3.3
Picea abies	27.9	2.27897293488806	40.002	800	0.26	1.302	4.734481844	0.15909391	43	4.7	3.3
Picea abies	27.87	2.2435106196174	40.03	800	0.23	0.834	4.935879718	0.241825286	43	4.7	3.3
Picea abies	27.64	2.32234276893818	40.024	799	0.2	1.012	5.162886706	0.534947967	43	4.7	3.3
Picea abies	28.07	2.37993240431243	40.037	799	0.26	0.832	5.00472249	0.301592244	43	4.7	3.3
Picea abies	28.17	2.38468805786308	40.045	800	0.26	1.023	6.761413851	0.265105347	43	4.7	3.3
Picea abies	28.2	2.34897266758588	40.08	801	0.28	0.939	7.487868172	0.347997566	43	4.7	3.3
Picea abies	28.02	2.54301854026345	39.975	800	0.26	0.81	7.987953613	0.221676994	43	4.7	3.3
Picea abies	28.21	2.57325722332699	39.983	800	0.21	1.157	8.559158733	0.403546171	43	4.7	3.3
Picea abies	26.37	1.84846590020092	40.03	801	0.3	0.63	9.095917902	0.108929856	43	4.7	3.3
Picea abies	26.74	1.94351904146715	40.068	801	0.25	0.56	8.113812239	0.158442169	43	4.7	3.3
Picea abies	26.5	1.87899723457259	40.052	801	0.3	0.64	7.961209711	0.098364639	43	4.7	3.3
Picea abies	26.66	2.00826110042179	40.095	799	0.27	0.71	9.997273745	0.312484131	43	4.7	3.3
Picea abies	26.55	1.94778851139582	40.076	799	0.29	0.7	5.960738364	0.196707314	43	4.7	3.3
Picea abies	26.39	1.90708426024719	40.09	799	0.34	0.71	7.431728587	0.181530636	43	4.7	3.3
Picea abies	26.69	1.89765714399775	40.093	800	0.3	0.58	5.616329733	0.093138771	43	4.7	3.3
Picea abies	26.93	1.97334015792178	40.112	799	0.24	0.6	6.254080768	0.114374405	43	4.7	3.3
Picea abies	26.32	1.86035118506996	40.08	800	0.28	0.79	4.685845839	0.166972087	43	4.7	3.3
Picea abies	26.27	1.80819479658419	40.09	800	0.27	0.78	3.256226347	0.070964972	43	4.7	3.3
Picea abies	26.77	1.93321064806867	40.13	798	0.29	0.85	9.072331797	0.157954475	43	4.7	3.3
Picea abies	26.11	1.8242670090813	39.974	800	0.37	0.98	3.793369493	0.222973644	43	4.7	3.3
Picea abies	27	1.9550911635176	39.983	801	0.28	0.74	9.33086857	0.114971938	43	4.7	3.3
Picea abies	26.67	1.86136004938209	39.975	800	0.34	0.86	3.294723221	0.047413888	43	4.7	3.3
Picea abies	27.34	2.09612716484962	40	799	0.31	0.7	8.093767137	0.112131687	43	4.7	3.3
Picea abies	27.77	2.09571359126198	40.018	799	0.42	0.83	2.867268594	0.084762326	43	4.7	3.3
Picea abies	26.96	1.99874558464568	39.997	799	0.39	0.78	3.18642672	0.138690504	43	4.7	3.3
Picea abies	27.03	1.98567602216616	40.017	799	0.34	0.99	4.035601742	0.179156216	43	4.7	3.3
Picea abies	27.87	2.1604243976174	40.031	799	0.39	0.91	5.385611673	0.108151045	43	4.7	3.3
Picea abies	27.18	2.09416462270363	40.075	800	0.21	0.65	7.220182469	0.186832859	43	4.7	3.3
Picea abies	27.1	2.09769403340455	40.092	800	0.31	0.81	3.359495886	0.149129479	43	4.7	3.3
Picea abies	27.42	2.21077073118637	40.04	801	0.27	0.59	5.259178863	0.165701293	43	4.7	3.3
Picea abies	27	2.0647917705176	40.027	801	0.27	0.63	5.420295758	0.207794154	43	4.7	3.3
Picea abies	26.97	2.08322457124186	40.039	801	0.23	0.46	3.672713544	0.199917889	43	4.7	3.3
Picea abies	26.85	1.98529319816089	40.065	799	0.21	0.59	7.527186717	0.113545012	43	4.7	3.3
Picea abies	26.58	1.98132891717019	40.068	800	0.24	0.81	4.266223804	0.21132459	43	4.7	3.3
Picea abies	27.01	2.02849416663547	40.085	801	0.29	0.61	5.808878101	0.161989242	43	4.7	3.3
Picea abies	27.43	2.03137087345482	40.102	800	0.3	0.71	4.603228966	0.05916593	43	4.7	3.3
Picea abies	27.09	2.05735639522406	40.067	800	0.22	0.59	7.437019127	0.108306512	43	4.7	3.3
Picea abies	26.51	1.93482221923356	40.062	801	0.24	0.54	4.612244599	0.21832327	43	4.7	3.3
Picea abies	26.55	1.84855533739582	40.092	800	0.32	0.72	3.242895086	0.080818224	43	4.7	3.3
Picea abies	27.19	1.93159991327023	40.127	800	0.41	1.07	2.080844454	0.072586519	43	4.7	3.3
Picea abies	27.65	2.04352127082505	39.999	799	0.28	0.76	6.905448417	0.086249533	43	4.7	3.3
Picea abies	27.38	2.0435696919327	39.993	800	0.27	0.67	6.210272165	0.169539587	43	4.7	3.3
Picea abies	27.47	2.13613393932768	39.999	799	0.45	1.05	2.975967408	0.237790508	43	4.7	3.3
Picea abies	27.36	2.09588230948054	39.998	799	0.25	0.75	8.120275867	0.37219182	43	4.7	3.3
Picea abies	27.44	2.09746993843698	40.011	800	0.25	0.59	6.996664152	0.238664893	43	4.7	3.3
Picea abies	27.49	2.0923832243731	40.01	800	0.26	0.66	8.122579986	0.175848311	43	4.7	3.3
Picea abies	28.1	2.14300353711163	40.006	800	0.27	0.68	8.616919377	0.102569914	43	4.7	3.3
Picea abies	27.86	2.11333182390324	39.95	801	0.3	0.78	5.911401414	0.092908312	43	4.7	3.3
Picea abies	27.8	2.11258295097002	39.977	800	0.29	0.77	6.001658725	0.106527857	43	4.7	3.3
Picea abies	27.87	2.1220214886174	39.967	799	0.22	0.68	8.331371713	0.139651964	43	4.7	3.3
Picea abies	38.4	5.06390331349266	40.065	1200	0.22	0.87	10.09868688	0.05973318	43	4.7	3.3
Picea abies	26.03	1.60840058040867	40.066	1199	0.25	0.89	9.386073397	0.09862655	43	4.7	3.3
Picea abies	26.41	1.73334353765638	40.044	1199	0.32	0.99	11.49014136	0.255123054	43	4.7	3.3
Picea abies	25.43	1.55376137056148	40.046	1200	0.27	0.93	12.13829903	0.211786805	43	4.7	3.3
Picea abies	25.26	1.44557305907733	40.09	1201	0.2	0.65	9.16852425	0.334109059	43	4.7	3.3
Picea abies	25.25	1.39329623322011	40.115	1199	0.28	0.83	9.235547839	0.221417506	43	4.7	3.3
Picea abies	25.23	1.31943456946761	40.142	1200	0.24	0.66	3.713990586	0.133037329	43	4.7	3.3
Picea abies	38.43	4.96689046738512	39.98	1200	0.76	1.31	3.196130636	0.019536469	43	4.7	3.3
Picea abies	38.41	4.93206447325288	40.002	1201	0.88	1.2	1.606866118	0.018651549	43	4.7	3.3
Picea abies	25.74	1.50050150888861	40.098	1200	0.54	1.28	6.764527122	0.114726164	43	4.7	3.3
Picea abies	26.12	1.57705110398782	40.045	1200.5	0.86	1.33	4.712764864	0.116960216	43	4.7	3.3
Picea abies	26.2	1.58255571972912	39.95	1200	1.53	1.71	2.61392099	0.045392338	43	4.7	3.3
Picea abies	26.02	1.62608740447282	39.933	1200	0.4	1.1	8.78637587	0.124124456	43	4.7	3.3
Picea abies	25.92	1.56337952120133	39.92	1200	0.765	1.29	3.774222437	0.073366063	43	4.7	3.3
Picea abies	34.11	3.54461180830827	39.938	1199	0.83	1.23	2.191534613	0.028603213	43	4.7	3.3
Picea abies	26.42	1.63488270412198	39.949	1200	0.62	1.08	5.236055855	0.050413056	43	4.7	3.3
Picea abies	26.07	1.61223363655138	39.932	1199	0.45	1.24	5.846374365	0.124592134	43	4.7	3.3
Picea abies	26.14	1.58706418324862	39.952	1200.5	1.1	1.43	2.527139391	0.07586647	43	4.7	3.3
Picea abies	26.17	1.57767565644834	39.97	1200	0.99	1.29	4.614973398	0.066009074	43	4.7	3.3
Picea abies	26.23	1.56872263515201	39.977	1199	0.61	1.33	4.967710991	0.066797876	43	4.7	3.3
Picea abies	26.56	1.64302876807602	39.987	1200	1.02	1.38	2.680884592	0.051552408	43	4.7	3.3
Picea abies	26.46	1.74262399489841	39.972	1201	0.25	0.91	11.38561232	0.18370868	43	4.7	3.3
Picea abies	30.015	2.45717928875735	39.956	1199	0.205	0.585	4.375761423	0.097585359	43	4.7	3.3
Picea abies	26.58	1.74994471317019	39.944	1199	0.25	1.12	14.20596761	0.201555788	43	4.7	3.3
Picea abies	26.61	1.8290579529364	39.923	1200	0.27	0.78	12.2213493	0.161076675	43	4.7	3.3
Picea abies	26.67	1.81834728738209	39.914	1201	0.3	0.97	9.63962104	0.16448068	43	4.7	3.3
Picea abies	26.62	1.77673422797035	39.916	1200	0.21	1.03	10.12663234	0.107051019	43	4.7	3.3
Picea abies	26.57	1.81397530551663	39.919	1199	0.25	0.47	9.905688932	0.122685702	43	4.7	3.3
Picea abies	26.41	1.67880041765638	39.921	1200	0.47	1.02	5.825675444	0.076584575	43	4.7	3.3
Picea abies	26.35	1.65121004791999	39.928	1200	0.74	1.02	2.880549897	0.04870933	43	4.7	3.3
Picea abies	26.11	1.58741869508129	39.925	1200	0.5	1.14	1.555684714	0.058277379	43	4.7	3.3
Picea abies	25.38	1.2521303582448	40.052	1199	1	1.02	1.224682944	0.03284693	43	4.7	3.3
Picea abies	25.3	1.23394018514232	40.07	1200	1.02	1.57	2.487864254	0.044211156	43	4.7	3.3
Picea abies	25.95	1.34637372449537	40.09	1199	0.9	1.59	2.111776299	0.051056321	43	4.7	3.3
Picea abies	26.395	1.46214826804988	40.105	1199.5	0.79	1.205	3.710135226	0.061966474	43	4.7	3.3
Picea abies	26.235	1.48122326306999	40.0485	1200.5	0.86	1.275	1.70075741	0.046187572	43	4.7	3.3
Picea abies	26.29	1.49624798173035	40.059	1199	0.52	1.23	1.834247079	0.041011456	43	4.7	3.3
Picea abies	26.34	1.51169384994295	40.056	1199	0.75	1.14	2.438358477	0.060550264	43	4.7	3.3
Picea abies	26.22	1.48385421169468	40.055	1200	0.9	1.44	2.384448241	0.04513937	43	4.7	3.3
Picea abies	26.79	1.59376811419249	40.077	1199	0.74	1.32	2.388353185	0.039397979	43	4.7	3.3
Picea abies	26.495	1.54506717003846	40.0365	1200.5	0.76	1.345	1.696113954	0.059115778	43	4.7	3.3
Picea abies	20.85333333	1.22187682082564	40.06333333	1200	1.39	1.86	0.72	0.0531	43	4.7	3.3
Picea abies	21.22666667	1.30226781945707	40.04666667	1200	0.58	1.17	4.843333333	0.071933333	43	4.7	3.3
Picea abies	21.54666667	1.37814192421899	40.04666667	1199.666667	1.13	1.61	3	0.028233333	43	4.7	3.3
Picea abies	21.84666667	1.46460411455799	40.01666667	1200	2.79	3.33	-0.376666667	0.018633333	43	4.7	3.3
Picea abies	21.88333333	1.51208074217931	39.99333333	1200	2.22	2.3	-0.306666667	0.033833333	43	4.7	3.3
Picea abies	21.91	1.55011635632056	39.97666667	1199.666667	1.85	2.02	-0.296666667	0.055066667	43	4.7	3.3
Picea abies	21.77333333	1.47927968307932	40.04	1198.666667	1.27	1.85	0.346666667	0.050366667	43	4.7	3.3
Picea abies	21.30333333	1.45244772419718	39.98666667	1200	0.2	0.59	11.28333333	0.1489	43	4.7	3.3
Picea abies	21.08	1.39457109913789	39.99333333	1200	0.24	0.73	7.993333333	0.117466667	43	4.7	3.3
Picea abies	21.42333333	1.4766214577374	40.02333333	1199.666667	0.24	0.57	13.89	0.201633333	43	4.7	3.3
Picea abies	21.85666667	1.47404400846705	40.01666667	1199.333333	0.3	0.75	11.51666667	0.1494	43	4.7	3.3
Picea abies	21.67666667	1.51655060075761	40.01666667	1199.333333	0.27	0.63	13.08666667	0.200733333	43	4.7	3.3
Picea abies	21.54	1.42256243865114	40.02333333	1200.666667	0.2	0.57	11.07666667	0.142833333	43	4.7	3.3
Picea abies	21.60333333	1.43975866251337	40.01666667	1199.666667	0.19	0.56	8.996666667	0.156133333	43	4.7	3.3
Picea abies	21.42333333	1.3495683237374	40.02333333	1201	0.75	1.37	2.336666667	0.0543	43	4.7	3.3
Picea abies	21.02333333	1.29277113523399	40.00666667	1200	1.77	2.3	1.21	0.108833333	43	4.7	3.3
Picea abies	21.48666667	1.34942510750751	40.04333333	1200	1.29	1.79	1.476666667	0.092333333	43	4.7	3.3
Picea abies	21.49666667	1.33693857433659	40.03	1200.333333	1.39	1.79	1.093333333	0.0533	43	4.7	3.3
Picea abies	21.22666667	1.28236662645707	40.01	1200.333333	1.06	1.58	0.98	0.052	43	4.7	3.3
Picea abies	21.16	1.27009999699074	40.03333333	1200.333333	0.63	1.28	2.146666667	0.0581	43	4.7	3.3
Picea abies	21.01	1.22132584530688	40.01666667	1201	1.07	1.79	0.653333333	0.0467	43	4.7	3.3
Picea abies	20.73333333	1.17903471799216	40.08333333	1199	0.22	0.51	14.92666667	0.1848	43	4.7	3.3
Picea abies	21.08333333	1.23774953217198	40.09666667	1199	0.24	0.55	12.86666667	0.171866667	43	4.7	3.3
Picea abies	21.18666667	1.28242944354252	40.09333333	1200	0.22	0.66	15.45333333	0.261866667	43	4.7	3.3
Picea abies	20.89333333	1.25102649125348	40.08	1200.666667	0.26	0.75	24.21333333	0.446166667	43	4.7	3.3
Picea abies	21.22	1.25442260038506	40.10666667	1200.333333	0.27	0.58	12.52333333	0.1614	43	4.7	3.3
Picea abies	21.11666667	1.29020555319325	40.07666667	1200	0.22	0.57	12.44	0.1953	43	4.7	3.3
Picea abies	20.81333333	1.239003963749	40.05333333	1200	0.2	0.6	12.33333333	0.1738	43	4.7	3.3
Picea abies	20.58333333	1.12480728903471	40.05666667	1199.666667	0.72	1.32	1.996666667	0.08	43	4.7	3.3
Picea abies	20.84666667	1.14615899403547	40.06	1199.666667	1.32	1.87	0.12	0.0645	43	4.7	3.3
Picea abies	20.58333333	1.10992737603471	40.06	1199.666667	0.93	1.75	1.55	0.067766667	43	4.7	3.3
Picea abies	20.72	1.10719587074679	40.08333333	1199.333333	0.84	1.43	2.963333333	0.075566667	43	4.7	3.3
Picea abies	20.48	1.07877463791012	40.06666667	1201.333333	1.08	1.6	1.53	0.081933333	43	4.7	3.3
Picea abies	20.55666667	1.07120570205378	40.03666667	1199.666667	0.69	1.38	3.796666667	0.045733333	43	4.7	3.3
Picea abies	20.28	1.01731679653431	40.00666667	1198.666667	1.99	2.28	1.54	0.058766667	43	4.7	3.3
Picea abies	21.70333333	1.25801955799677	40.07666667	1200	1.34	1.68	2.64	0.045766667	43	4.7	3.3
Picea abies	21.56333333	1.24862232397247	40.06	1198.666667	1.34	1.82	1.973333333	0.062266667	43	4.7	3.3
Picea abies	21.32333333	1.21253925509884	40.03333333	1201	1.34	1.89	2.023333333	0.051266667	43	4.7	3.3
Picea abies	21.32	1.22349041956719	40.04666667	1200	1.59	1.91	1.353333333	0.062633333	43	4.7	3.3
Picea abies	21.54	1.27398499865114	40.03666667	1199.666667	1.38	1.84	1.016666667	0.0893	43	4.7	3.3
Picea abies	22.06666667	1.32788821326829	40.06666667	1199.666667	1.27	1.91	2.213333333	0.067266667	43	4.7	3.3
Picea abies	22.15333333	1.43468499661247	40.04	1201	1.34	1.87	0.773333333	0.193933333	43	4.7	3.3
Picea abies	21.49333333	1.32805964284694	39.98333333	1200.333333	0.21	0.52	11.69666667	0.1477	43	4.7	3.3
Picea abies	20.96666667	1.26195821576419	39.98333333	1200	0.22	0.49	12.03	0.1793	43	4.7	3.3
Picea abies	21.09666667	1.23423008610856	40.03	1199	0.25	0.58	11.37666667	0.186366667	43	4.7	3.3
Picea abies	21.70666667	1.34161435671098	40.06333333	1199	0.21	0.44	11.7	0.1909	43	4.7	3.3
Picea abies	22.30666667	1.44189241616681	40.06666667	1199	0.22	0.53	17.46333333	0.261933333	43	4.7	3.3
Picea abies	22.06333333	1.40615120552919	40.01333333	1200.666667	0.27	0.46	11.09666667	0.153	43	4.7	3.3
Picea abies	21.02666667	1.21798465810527	39.98666667	1200	0.27	0.58	11.03666667	0.195233333	43	4.7	3.3
Picea abies	20.58	1.07931361026301	40.01666667	1200	1.42	1.88	-0.03	0.039566667	43	4.7	3.3
Picea abies	20.5	1.04387827381758	40.03666667	1199	1.36	2.06	0.52	0.056366667	43	4.7	3.3
Picea abies	20.53666667	1.04364053087337	40.04333333	1200	1.2	1.66	-0.396666667	0.0935	43	4.7	3.3
Picea abies	20.47	0.992045974426532	40.04333333	1199	2.16	2.45	-0.353333333	0.0374	43	4.7	3.3
Picea abies	20.86666667	1.05667173765922	40.09666667	1199.333333	1.33	2	1.236666667	0.072133333	43	4.7	3.3
Picea abies	21.55666667	1.15068029079731	40.11333333	1200	0.85	1.55	4.29	0.061766667	43	4.7	3.3
Picea abies	21.84333333	1.29705509954659	40.03666667	1200.666667	1.06	1.64	1.84	0.0612	43	4.7	3.3
Picea abies	21.7	1.30506303792841	40	1201	0.46	1.16	5.223333333	0.074833333	43	4.7	3.3
Picea abies	21.20666667	1.23939502400528	39.98333333	1201.333333	1.06	1.68	1.546666667	0.092266667	43	4.7	3.3
Picea abies	20.95333333	1.16941110879776	39.97	1200	1.48	1.84	-0.336666667	0.0445	43	4.7	3.3
Picea abies	20.67333333	1.11720056565405	39.97	1201	1.87	2.2	-0.64	0.042033333	43	4.7	3.3
Picea abies	20.46333333	1.08621714568378	39.99	1201	0.8	1.58	0.833333333	0.102133333	43	4.7	3.3
Picea abies	20.47666667	1.04070095194442	39.99	1199	0.99	1.62	-0.56	0.022333333	43	4.7	3.3
Picea abies	20.4	1.01720032942343	40.01333333	1199	0.97	1.52	-1.216666667	0.045066667	43	4.7	3.3
Picea abies	28.38	2.09821476561972	40.061	1201.5	1.05	1.4	-0.035762659	0.021619882	43	4.7	3.3
Picea abies	28.345	2.10853701610379	40.044	1200.5	1.44	1.61	-0.887549906	0.029904148	43	4.7	3.3
Picea abies	28.145	2.08237261379766	40.0225	1199	1.91	1.97	-0.411302564	0.008674302	43	4.7	3.3
Picea abies	27.925	2.03717667826915	39.992	1200	1.63	1.85	-0.829942029	0.017872653	43	4.7	3.3
Picea abies	27.375	1.91498272232049	39.986	1200	0.89	1.44	-1.351217306	0.013596907	43	4.7	3.3
Picea abies	27.545	2.00481821919232	40.0165	1201	0.2	0.65	10.71834029	0.11356569	43	4.7	3.3
Picea abies	27.225	1.9165224881831	40.0095	1201.5	0.13	0.72	9.054303104	0.097131493	43	4.7	3.3
Picea abies	26.805	1.83942157975731	39.999	1201	0.17	0.55	11.60114952	0.132293703	43	4.7	3.3
Picea abies	26.49	1.73628509095998	39.999	1199.5	0.18	0.93	11.63004713	0.164301799	43	4.7	3.3
Picea abies	26.335	1.69505600204876	40.024	1200	0.18	0.48	10.80871102	0.153515573	43	4.7	3.3
Picea abies	26.415	1.62602301111221	40.0495	1199	0.16	0.6	7.950768871	0.1101222	43	4.7	3.3
Picea abies	26.375	1.59473400625025	40.0485	1200	0.15	0.8	9.256047897	0.100011632	43	4.7	3.3
Picea abies	26.9	1.60718506366919	40.096	1199	1.51	1.62	-0.008519088	0.02416338	43	4.7	3.3
Picea abies	28.11	1.83529183366403	40.1325	1199	2.54	2.71	1.133705131	0.012816588	43	4.7	3.3
Picea abies	27.745	1.79647984801792	39.933	1199.5	1.39	1.44	-0.046142257	0.021702501	43	4.7	3.3
Picea abies	28.15	1.92101148235163	39.9435	1201.5	1.2	1.35	0.563249322	0.048479712	43	4.7	3.3
Picea abies	28.725	2.04299173002788	39.9575	1199	2	2.05	0.794090852	0.039655603	43	4.7	3.3
Picea abies	27.175	2.00855237636614	39.9795	1199	0.17	0.67	12.37657751	0.154394948	43	4.7	3.3
Picea abies	27.105	1.96697105449845	39.9795	1201	0.2	0.73	9.450663941	0.0943939	43	4.7	3.3
Picea abies	26.945	1.95722258720149	39.9755	1199.5	0.21	0.63	7.807420554	0.123912471	43	4.7	3.3
Picea abies	27.01	2.00461665763547	39.9885	1200	0.18	0.64	10.41588052	0.241518008	43	4.7	3.3
Picea abies	26.895	1.95032532399893	39.9925	1201	0.21	0.68	13.70375041	0.229375807	43	4.7	3.3
Picea abies	27.205	1.99598424871585	40.001	1199.5	0.2	0.52	8.545874899	0.116322026	43	4.7	3.3
Picea abies	26.985	1.87996424473309	40.004	1200	1.09	1.53	1.352510716	0.022195395	43	4.7	3.3
Picea abies	27.555	1.98274570992419	40.019	1200.5	1.64	1.73	0.316290217	0.018525602	43	4.7	3.3
Picea abies	27.71	2.07755277368905	39.9955	1200	1.28	1.68	0.019731676	0.02205217	43	4.7	3.3
Picea abies	26.93	1.90601193992178	39.9715	1200.5	2.6	2.78	-0.822859383	0.024957464	43	4.7	3.3
Picea abies	27.025	1.74212812235301	40.1155	1201	1.39	1.45	0.399794496	0.010161274	43	4.7	3.3
Picea abies	27.715	1.90613881932541	39.991	1201	2.39	2.41	1.225064926	0.027019368	43	4.7	3.3
Picea abies	28.22	2.10643282661533	39.9835	1199	0.15	0.5	12.91293067	0.176455576	43	4.7	3.3
Picea abies	28.07	2.06656129231243	39.972	1199.5	0.19	0.53	9.737719519	0.115030696	43	4.7	3.3
Picea abies	28.68	2.19220015328807	39.99	1201	0.18	0.51	10.82983961	0.111701658	43	4.7	3.3
Picea abies	28.825	2.22531536682867	39.994	1200.5	0.19	0.69	11.89168504	0.158997288	43	4.7	3.3
Picea abies	28.92	2.22924172349577	40.002	1199.5	0.24	0.9	12.32908539	0.127000634	43	4.7	3.3
Picea abies	28.995	2.26528562043274	39.993	1201	0.19	0.57	10.61497655	0.101984882	43	4.7	3.3
Picea abies	29.455	2.36638615061722	39.9975	1198.5	0.24	0.8	10.31750113	0.091409634	43	4.7	3.3
Picea abies	27.785	1.9468648480885	39.941	1200.5	2.6	2.87	-1.21149245	0.016640127	43	4.7	3.3
Picea abies	27.595	1.85731272604894	40.022	1200	1.24	1.44	1.123578986	0.038568355	43	4.7	3.3
Picea abies	28.075	1.93455099897454	40.05	1200	2.66	2.77	0.823898597	0.017488578	43	4.7	3.3
Picea abies	28.345	2.05182293610379	40.039	1199.5	1.87	1.89	-0.26024746	0.021844424	43	4.7	3.3
Picea abies	28.515	2.07631866399101	40.045	1199	1.24	1.62	-0.175531742	0.012403917	43	4.7	3.3
Picea abies	22.08	1.21730509962248	39.988	1199.5	0.96	1.38	1.503698733	0.030451671	43	4.7	3.3
Picea abies	21.95	1.21033986773011	39.973	1200.5	0.52	0.98	3.48970194	0.058399638	43	4.7	3.3
Picea abies	21.885	1.19613490731531	39.9615	1199.5	0.41	1.12	2.168927413	0.057328565	43	4.7	3.3
Picea abies	21.8075	1.17482331028822	39.9675	1200.5	0.77	1.24	0.112342341	0.031726113	43	4.7	3.3
Picea abies	21.8275	1.1771406442234	39.96075	1200	0.76	1.085	1.633778399	0.055626734	43	4.7	3.3
Picea abies	21.735	1.1684489204173	39.9795	1199	0.52	0.98	3.407704122	0.078477195	43	4.7	3.3
Picea abies	22.245	1.26314080734862	39.979	1199	0.34	0.92	5.432145059	0.124444085	43	4.7	3.3
Picea abies	22.035	1.24491518870273	39.977	1200	0.16	0.7	9.752104677	0.13372005	43	4.7	3.3
Picea abies	22.46	1.30426491512353	40.0055	1200.5	0.17	0.56	8.395668651	0.103927666	43	4.7	3.3
Picea abies	22.355	1.34728998589711	39.9965	1200	0.2	0.65	10.08745311	0.254809657	43	4.7	3.3
Picea abies	22.32	1.30257519256526	40.007	1200	0.23	0.79	8.684583211	0.172801876	43	4.7	3.3
Picea abies	22.22	1.2813508577246	40.009	1200	0.15	0.54	10.76720026	0.210277256	43	4.7	3.3
Picea abies	22.18	1.26633847533214	40.023	1201	0.2	0.56	8.462764136	0.157638843	43	4.7	3.3
Picea abies	22.175	1.2656260711654	40.005	1201	0.2	0.58	11.05143129	0.218966934	43	4.7	3.3
Picea abies	21.85	1.17378540164016	39.995	1201	1.84	1.9	-0.012836251	0.058936131	43	4.7	3.3
Picea abies	21.91	1.17743413432056	40.008	1200	2.53	2.64	-0.488755728	0.046946028	43	4.7	3.3
Picea abies	21.945	1.17378007944022	40.013	1201	2.67	2.87	-0.600667086	0.042851658	43	4.7	3.3
Picea abies	21.85	1.15840131264016	40.028	1200	1.45	1.96	-0.10483819	0.044798609	43	4.7	3.3
Picea abies	21.88	1.16459057562609	40.0215	1199	1.56	1.87	-0.663161887	0.053904548	43	4.7	3.3
Picea abies	21.345	1.28476165725044	40.0495	1200	0.13	0.52	12.0201972	0.147364053	43	4.7	3.3
Picea abies	21.445	1.30140018307962	40.076	1199.5	0.19	0.61	12.17421748	0.135645424	43	4.7	3.3
Picea abies	21.33	1.26963345310722	40.0895	1199.5	0.23	0.53	10.40022895	0.137647264	43	4.7	3.3
Picea abies	21.36	1.27574020352361	40.0985	1199	0.2	0.63	10.03757994	0.178564644	43	4.7	3.3
Picea abies	21.405	1.29422627584668	40.1025	1199	0.23	0.59	14.34717768	0.229043605	43	4.7	3.3
Picea abies	21.515	1.28920980433729	40.121	1198.5	0.14	0.52	12.44409219	0.18506414	43	4.7	3.3
Picea abies	21.72	1.30108159068731	40.108	1200	0.17	0.45	10.60237571	0.179798352	43	4.7	3.3
Picea abies	22.1	1.31711297728541	40.1345	1199.5	1.24	1.78	2.656222421	0.037939402	43	4.7	3.3
Picea abies	22.03	1.31041596888927	40.1235	1200.5	1.87	2.05	2.21525248	0.044031814	43	4.7	3.3
Picea abies	21.66	1.26842783626626	40.1025	1201	1.88	2.19	0.920459299	0.062413785	43	4.7	3.3
Picea abies	21.52	1.25310385992451	40.093	1200	1.86	2.1	-0.363446151	0.057930509	43	4.7	3.3
Picea abies	21.42	1.21888097336697	40.055	1200	1.68	1.85	0.31904876	0.039729815	43	4.7	3.3
Picea abies	21.445	1.20882125807962	40.0405	1200	3.06	3.31	-0.737622939	0.036572019	43	4.7	3.3
Picea abies	21.895	1.27305634386146	40.0445	1199	0.51	0.78	3.355960588	0.057457225	43	4.7	3.3
Picea abies	21.845	1.2479756832195	40.047	1200.5	0.49	0.93	0.903125846	0.055149122	43	4.7	3.3
Picea abies	21.93	1.27351175007888	40.0505	1199.5	0.43	0.99	3.385174088	0.09513549	43	4.7	3.3
Picea abies	22.06	1.28853202700334	40.0815	1200.5	0.71	1.38	6.725842655	0.096345405	43	4.7	3.3
Picea abies	21.61	1.22731464471307	40.064	1199	0.66	0.74	3.253820211	0.095268929	43	4.7	3.3
Picea abies	22.39	1.34901342758926	40.0695	1199	0.27	0.87	3.563506591	0.084347866	43	4.7	3.3
Picea abies	22.01	1.28084291784831	40.071	1199.5	0.54	1.1	3.163505201	0.070961183	43	4.7	3.3
Picea abies	22.14	1.33142685712963	40.074	1199	0.12	0.47	10.38093223	0.156653366	43	4.7	3.3
Picea abies	22.24	1.33983565951166	40.0855	1199	0.16	0.58	12.31126985	0.172550529	43	4.7	3.3
Picea abies	22.06	1.30925796100334	40.0775	1201	0.19	0.44	12.57394814	0.198067825	43	4.7	3.3
Picea abies	22.135	1.35383359498993	40.094	1199.5	0.21	0.53	14.33286532	0.237862331	43	4.7	3.3
Picea abies	22.315	1.37391080981575	40.1035	1199	0.26	0.55	13.89881441	0.167625598	43	4.7	3.3
Picea abies	22.17	1.3567652761718	40.101	1201	0.19	0.63	13.12158723	0.246314281	43	4.7	3.3
Picea abies	22.12	1.32315866908833	40.1065	1199	0.26	0.6	11.79003889	0.154853823	43	4.7	3.3
Picea abies	22.255	1.30375403063123	40.119	1199	0.38	0.87	4.407316317	0.081726561	43	4.7	3.3
Picea abies	22.06	1.26506707900334	40.124	1200.5	0.44	1.08	4.11374476	0.081996974	43	4.7	3.3
Picea abies	22.01	1.25894882584831	40.105	1199.5	0.66	1.14	2.998582147	0.047933527	43	4.7	3.3
Picea abies	22.06	1.25549131100334	40.1245	1200	1.54	1.6	0.655111085	0.034288274	43	4.7	3.3
Picea abies	22.005	1.26182411340001	40.112	1200	0.67	1.1	1.406834648	0.06975888	43	4.7	3.3
Picea abies	22.02	1.25464044952275	40.12	1199	0.63	1.07	2.977822927	0.071233566	43	4.7	3.3
Picea abies	21.925	1.22631727530084	40.1145	1201	0.5	0.65	1.670367346	0.073040513	43	4.7	3.3
Picea abies	22.03	1.20201062188927	40.0595	1200	1.53	1.84	-0.149641745	0.030797765	43	4.7	3.3
Picea abies	22.19	1.21781157337918	39.978	1200	2.79	2.92	-1.257390589	0.034116874	43	4.7	3.3
Picea abies	22.03	1.20949691388927	39.975	1201	2.69	3.02	-0.870486705	0.038314962	43	4.7	3.3
Picea abies	21.87	1.17575657017528	39.9865	1200.5	2.06	2.3	-0.157925572	0.029551406	43	4.7	3.3
Picea abies	21.555	1.15698987062046	39.9945	1201	1.43	1.9	1.644211327	0.115201175	43	4.7	3.3
Picea abies	28.095	1.63372268297549	40.097	1201	1.81	2.09	-0.181305292	0.018791509	43	4.7	3.3
Picea abies	27.835	1.64113888651977	40.08	1200	0.28	1.2	2.483370175	0.03940204	43	4.7	3.3
Picea abies	28.05	1.71113728623059	40.0795	1200	0.41	1.45	5.206496632	0.046338676	43	4.7	3.3
Picea abies	28.21	1.75813140032699	40.062	1198.5	0.47	1.29	5.651933486	0.048550564	43	4.7	3.3
Picea abies	28.44	1.84373564864906	40.0495	1200	0.41	1.15	4.137247413	0.042881932	43	4.7	3.3
Picea abies	28.46	1.84918657727059	40.015	1200	0.31	1.03	4.000824529	0.035065642	43	4.7	3.3
Picea abies	28.31	1.83396933584534	40.004	1200	0.35	1.23	5.156488605	0.04627475	43	4.7	3.3
Picea abies	28.255	1.84757661471912	39.9725	1199.5	0.12	0.72	6.953693627	0.089174457	43	4.7	3.3
Picea abies	28.21	1.83275762532699	39.9665	1201	0.21	1.1	4.860206522	0.07132136	43	4.7	3.3
Picea abies	27.94	1.74970586555379	39.957	1200	0.2	0.87	4.118407013	0.044792958	43	4.7	3.3
Picea abies	28.21	1.81347031732699	39.975	1199.5	0.23	1.17	7.154645202	0.083361137	43	4.7	3.3
Picea abies	27.955	1.74362229638554	39.9655	1199	0.25	0.59	5.192305874	0.063169624	43	4.7	3.3
Picea abies	28.41	1.82952956546674	39.978	1200	0.19	0.58	7.67747487	0.091500832	43	4.7	3.3
Picea abies	28.445	1.80536791618101	39.981	1199.5	0.25	0.79	5.944180799	0.069840555	43	4.7	3.3
Picea abies	28.44	1.76279566264906	39.966	1201	2.44	2.67	0.680571401	0.02796209	43	4.7	3.3
Picea abies	28.205	1.69095119079293	39.9495	1201	2.15	2.34	-0.608032339	0.016516273	43	4.7	3.3
Picea abies	28.035	1.63913630339814	39.952	1200	1.08	1.81	-0.959199542	0.030608115	43	4.7	3.3
Picea abies	26.865	1.65484317300203	39.9015	1199.5	0.14	0.84	6.617682052	0.099113603	43	4.7	3.3
Picea abies	26.88	1.6631389907669	39.916	1200	0.27	0.63	7.631289753	0.108924002	43	4.7	3.3
Picea abies	26.815	1.61873896057094	39.908	1198.5	0.23	0.9	4.07644313	0.060092988	43	4.7	3.3
Picea abies	26.91	1.66964959724235	39.9175	1200	0.24	1.02	8.169694431	0.130026131	43	4.7	3.3
Picea abies	27.25	1.68255965391145	39.9385	1200	0.19	0.68	6.425407356	0.080903262	43	4.7	3.3
Picea abies	27.475	1.710653887226	39.942	1200	0.2	0.79	5.269986908	0.061848129	43	4.7	3.3
Picea abies	27.41	1.73683628916565	39.9345	1199.5	0.21	0.7	6.532432667	0.088206579	43	4.7	3.3
Picea abies	27.485	1.69938289519036	39.9365	1199	1.28	1.55	0.924545304	0.021153595	43	4.7	3.3
Picea abies	27.655	1.76810899986594	39.936	1201	1.64	1.81	0.921868796	0.047910408	43	4.7	3.3
Picea abies	27.48	1.72557197282745	39.9385	1201.5	1.46	1.88	1.294469511	0.043100707	43	4.7	3.3
Picea abies	27.305	1.67969436682045	39.934	1198.5	1.83	2.14	1.210431135	0.034755333	43	4.7	3.3
Picea abies	27.435	1.70021256382756	39.9315	1199	1.9	1.94	0.669993609	0.017833994	43	4.7	3.3
Picea abies	27.625	1.75202563271508	39.9255	1199	2.48	2.53	0.481698558	0.02317329	43	4.7	3.3
Picea abies	27.65	1.73126819882505	39.931	1200.5	2.65	3.01	0.405641646	0.010001022	43	4.7	3.3
Picea abies	27.215	1.59483183208439	39.9285	1200.5	0.33	0.89	3.111278183	0.033108853	43	4.7	3.3
Picea abies	27.115	1.56232793598164	39.9185	1200	0.33	0.79	2.576568563	0.053452968	43	4.7	3.3
Picea abies	27.1	1.52667688040455	39.921	1199	0.36	1.14	-0.361668119	0.026192007	43	4.7	3.3
Picea abies	27.11	1.51378232500494	39.9595	1201	0.34	1.04	2.34528481	0.033350258	43	4.7	3.3
Picea abies	27.045	1.54808678913207	39.956	1200	0.28	0.78	5.43819809	0.046001096	43	4.7	3.3
Picea abies	26.91	1.52266539724235	39.9615	1200.5	0.33	0.93	5.960564797	0.053847277	43	4.7	3.3
Picea abies	26.835	1.48435999370083	39.979	1199	0.21	0.92	2.116442712	0.03275392	43	4.7	3.3
Picea abies	27.14	1.54852988893572	40.006	1199	0.24	0.83	7.993704512	0.08825025	43	4.7	3.3
Picea abies	27.25	1.57507962391145	40.013	1200	0.17	0.67	7.195371669	0.07620157	43	4.7	3.3
Picea abies	27.29	1.61443932284534	40.0325	1200	0.21	0.95	8.471137108	0.089642369	43	4.7	3.3
Picea abies	27.435	1.58239609382756	40.0405	1200	0.23	0.68	7.555654644	0.071294974	43	4.7	3.3
Picea abies	27.345	1.568779000915	40.0535	1199	0.16	0.64	5.589841851	0.058401187	43	4.7	3.3
Picea abies	27.57	1.59897031145244	40.0425	1200.5	0.19	0.89	6.006645351	0.07218818	43	4.7	3.3
Picea abies	27.335	1.59108033791567	40.025	1201	0.2	0.64	6.325380492	0.082059343	43	4.7	3.3
Picea abies	27.33	1.54414962505507	40.0345	1200	0.27	1.31	1.7339614	0.047896828	43	4.7	3.3
Picea abies	27.55	1.56960411976856	40.0515	1199.5	0.25	1.12	4.071898803	0.035471711	43	4.7	3.3
Picea abies	27.825	1.61621900388645	40.045	1200	0.31	1.05	1.723346289	0.038163545	43	4.7	3.3
Picea abies	27.68	1.58490485939315	40.0305	1200.5	0.4	1.065	1.528183421	0.025920547	43	4.7	3.3
Picea abies	27.58	1.55053316744091	40.036	1200.5	0.41	1.13	1.087446896	0.037777317	43	4.7	3.3
Picea abies	27.49	1.5271428063731	40.0435	1200	0.42	0.86	2.491665684	0.032085017	43	4.7	3.3
Picea abies	27.595	1.56858743104894	40.0225	1198.5	2.38	2.72	-0.224691141	0.020254786	43	4.7	3.3
Picea abies	27.695	1.57654695528191	40.0105	1200.5	1.94	2	-0.150656382	0.005816641	43	4.7	3.3
Picea abies	27.505	1.54805168542402	40.0095	1199.5	1.91	2.2	-0.443211119	0.013304582	43	4.7	3.3
Picea abies	27.43	1.51499796845482	40.0445	1200	1.79	2.13	0.405067777	0.00775833	43	4.7	3.3
Picea abies	27.4	1.51003233492688	40.035	1200	2.18	2.38	0.169869022	0.010315927	43	4.7	3.3
Picea abies	27.275	1.47887800783049	40.045	1200	1.34	1.8	-0.132339864	0.018849001	43	4.7	3.3
Picea abies	27.075	1.41563065410773	40.039	1199	1.38	1.96	-1.261438973	0.024416494	43	4.7	3.3
Picea abies	19.755	1.05582045302816	39.992	1200.5	0.14	0.58	11.68095388	0.294580505	43	4.7	3.3
Picea abies	19.44	1.04800840013526	39.9895	1200	0.24	0.66	12.47599506	0.244985995	43	4.7	3.3
Picea abies	19.07	0.988213823330407	39.983	1200	0.22	0.66	10.72621792	0.282880737	43	4.7	3.3
Picea abies	19.365	1.02078454862137	40.016	1199	0.23	0.64	13.23984244	0.190867783	43	4.7	3.3
Picea abies	19.545	1.03912245995728	40.025	1200.5	0.17	0.63	11.54446224	0.294554158	43	4.7	3.3
Picea abies	19.67	1.06271119595818	40.0305	1199.5	0.21	0.77	14.45308394	0.303576962	43	4.7	3.3
Picea abies	19.795	1.0496784663668	40.045	1199	0.17	0.83	14.85193056	0.224225713	43	4.7	3.3
Picea abies	19.64	1.00783147143831	40.036	1200	2.1	2.13	0.223313417	0.047620943	43	4.7	3.3
Picea abies	20.61	1.11621203038551	40.058	1201	2.85	2.86	0.201774092	0.033011837	43	4.7	3.3
Picea abies	20.25	1.07863978139506	40.0675	1200	1.63	1.95	2.108158217	0.046945938	43	4.7	3.3
Picea abies	19.74	1.02752872801431	40.09325	1199.5	2.515	2.565	-0.06352064	0.057161892	43	4.7	3.3
Picea abies	20.06	1.06389019628899	40.066	1199	2.35	2.4	0.758314148	0.04926817	43	4.7	3.3
Picea abies	19.85	1.03815859340161	40.1022	1200.8	2.65	3.035	-0.143881105	0.060136242	43	4.7	3.3
Picea abies	19.83	1.10057322028835	40.0735	1200	0.25	0.86	5.916831434	0.150189923	43	4.7	3.3
Picea abies	19.64	1.07234789843831	40.0705	1200.5	0.25	1	8.204409215	0.156132451	43	4.7	3.3
Picea abies	19.42	1.02511126455137	40.0735	1201	0.39	1.5	3.14768842	0.180606476	43	4.7	3.3
Picea abies	19.29	1.01467827918712	40.072	1201	0.47	1.63	5.493725442	0.160676248	43	4.7	3.3
Picea abies	19.285	0.999392070861295	40.066	1201	0.34	1.24	6.708111961	0.174212883	43	4.7	3.3
Picea abies	19.46	1.00850612509369	40.018	1200	0.26	0.73	9.544719725	0.174873479	43	4.7	3.3
Picea abies	19.485	1.02016154979186	39.9905	1200	0.27	1.12	8.009407406	0.128704835	43	4.7	3.3
Picea abies	19.54	1.0537021499681	39.983	1199	0.24	0.95	12.92343134	0.262021086	43	4.7	3.3
Picea abies	19.57	1.02009363212956	39.9715	1200	0.15	0.7	11.60737692	0.259591699	43	4.7	3.3
Picea abies	19.495	1.01213653182244	39.959	1201	0.27	0.84	13.01660579	0.240117278	43	4.7	3.3
Picea abies	19.425	1.0262183510035	39.9565	1201	0.19	0.69	16.11106152	0.281098194	43	4.7	3.3
Picea abies	19.245	0.999354680030796	39.957	1198.5	0.34	0.96	12.23991798	0.239443211	43	4.7	3.3
Picea abies	19.18	1.00343242657174	39.9595	1201	0.17	0.78	5.410754335	0.23251445	43	4.7	3.3
Picea abies	19.37	1.04059545453717	39.9695	1199.5	0.19	0.79	14.11428752	0.257656972	43	4.7	3.3
Picea abies	19.385	0.958552439164042	39.9465	1200	0.31	1.27	6.390831707	0.085365947	43	4.7	3.3
Picea abies	19.255	0.956182555720362	39.9125	1200.5	0.44	1.83	6.225037473	0.124329845	43	4.7	3.3
Picea abies	18.345	0.918237411013067	39.9965	1199	0.32	0.93	6.737274566	0.143492172	43	4.7	3.3
Picea abies	18.6775	0.963993311058807	40.02475	1199.25	0.925	1.33	5.316326498	0.190386834	43	4.7	3.3
Picea abies	18.76	0.993272346500134	40.038	1199.5	0.33	0.93	11.23615207	0.213721667	43	4.7	3.3
Picea abies	18.93	1.00591537014578	40.03	1200	0.26	0.77	8.977707991	0.20640402	43	4.7	3.3
Picea abies	19.14	1.01425426322497	39.8705	1200.5	1.31	1.97	3.710883593	0.098526794	43	4.7	3.3
Picea abies	19.095	0.986563439133053	40.009	1200.5	2.25	2.71	2.029273192	0.071538436	43	4.7	3.3
Picea abies	19.36	1.03083944494578	39.997	1200	2.18	2.45	0.010188761	0.06559174	43	4.7	3.3
Picea abies	20.15	1.00248497254627	39.7315	1199	2.39	2.63	0.233531465	0.052422671	43	4.7	3.3
Picea abies	20.06	0.980819075288991	39.87	1199.5	2.56	2.6	-0.439686927	0.032199859	43	4.7	3.3
Picea abies	19.8825	0.979224872400236	39.95675	1200.25	2.96	3.51	-0.525639278	0.042110949	43	4.7	3.3
Picea abies	17.375	0.952631927001785	40.06	1199	0.07	0.5	5.12331127	0.083118808	43	4.7	3.3
Picea abies	17.625	0.996110611353949	40.0635	1200	0.2	0.49	8.407218303	0.108046361	43	4.7	3.3
Picea abies	17.89	1.01899684549015	40.0675	1199	0.21	0.49	9.592053474	0.145346266	43	4.7	3.3
Picea abies	17.98	1.04382404079622	40.078	1200	0.21	0.8	7.131894839	0.08991922	43	4.7	3.3
Picea abies	17.59	0.993843772921093	40.0765	1199	0.19	0.53	10.225806	0.159777211	43	4.7	3.3
Picea abies	17.57	0.992492046370631	40.0665	1200	0.18	0.67	6.202534118	0.108404335	43	4.7	3.3
Picea abies	17.385	0.964272542903154	40.0635	1200	0.13	0.57	7.336449156	0.110449222	43	4.7	3.3
Picea abies	17.775	0.98169616975887	40.0875	1199.5	0.12	0.38	10.76121667	0.164806494	43	4.7	3.3
Picea abies	17.505	0.972157105121412	40.088	1200.5	0.12	0.44	9.329056832	0.179616946	43	4.7	3.3
Picea abies	17.405	1.0010446331534	40.0935	1198.5	0.16	0.33	16.32904001	0.291008821	43	4.7	3.3
Picea abies	17.565	0.962020056139074	40.111	1200	0.15	0.39	11.37860107	0.177411894	43	4.7	3.3
Picea abies	17.74	0.988306754685953	40.106	1199	0.2	0.36	12.49633801	0.217191955	43	4.7	3.3
Picea abies	17.815	0.987168528174687	40.1035	1199.5	0.11	0.42	11.41705248	0.161843697	43	4.7	3.3
Picea abies	17.5	0.946925886441703	40.1005	1200	0.11	0.3	9.386858721	0.152051375	43	4.7	3.3
Picea abies	17.485	0.882954811929214	40.1	1200	1.98	2.06	-0.362882633	0.043357673	43	4.7	3.3
Picea abies	16.965	0.805444710294868	40.0925	1199	2.6	2.64	-0.364572373	0.022973066	43	4.7	3.3
Picea abies	16.75	0.778823980674698	40.092	1201	2.54	2.59	-1.138118158	0.066336692	43	4.7	3.3
Picea abies	16.7775	0.900858469219129	40.00925	1200.25	2.21	2.24	-0.428442365	0.033957421	43	4.7	3.3
Picea abies	16.88	0.751410753792081	40.049	1200	3.1	3.15	-0.042252869	0.046331127	43	4.7	3.3
Picea abies	17.955	1.15376091202228	40.008	1199	0.14	0.42	14.3168801	0.210558886	43	4.7	3.3
Picea abies	17.975	1.14304865199109	40.007	1200	0.19	0.34	13.7327336	0.235078244	43	4.7	3.3
Picea abies	17.965	1.12459596543956	39.957	1200	0.17	0.51	12.17873388	0.23069715	43	4.7	3.3
Picea abies	17.82	1.16955572384337	39.8935	1201	0.18	0.35	15.13130201	0.282739033	43	4.7	3.3
Picea abies	17.96	1.16926172660994	39.8995	1199	0.18	0.47	12.06139845	0.221758556	43	4.7	3.3
Picea abies	17.985	1.17712946100974	39.895	1199.5	0.18	0.46	15.23069483	0.29133094	43	4.7	3.3
Picea abies	17.99	1.15987914067328	39.8985	1199.5	0.19	0.48	13.06053499	0.196805794	43	4.7	3.3
Picea abies	18.455	1.17256195507788	39.927	1199.5	1.54	1.58	2.039179707	0.081152955	43	4.7	3.3
Picea abies	18.28	1.1730807876716	39.94775	1199.5	2.355	2.42	1.621740165	0.052279747	43	4.7	3.3
Picea abies	18.15	1.1518429780187	39.945	1201	1.7	1.87	0.269229072	0.049045291	43	4.7	3.3
Picea abies	18.015	1.0989689151988	39.971	1199.5	2.56	2.58	-0.784018012	0.052181823	43	4.7	3.3
Picea abies	18.22	1.08524145029208	40.0445	1201	0.18	0.51	12.40130623	0.203639206	43	4.7	3.3
Picea abies	18.325	1.06612319140664	40.042	1200.5	0.35	1.3	4.100393394	0.05773547	43	4.7	3.3
Picea abies	18.3	1.08421369330881	40.0435	1200	0.39	1.18	11.96274314	0.158093657	43	4.7	3.3
Picea abies	18.24	1.08563437885508	40.0215	1200	0.19	0.59	15.4434361	0.193325443	43	4.7	3.3
Picea abies	18.61	1.10962581275304	40.0385	1199.5	0.19	0.47	12.03724591	0.14562495	43	4.7	3.3
Picea abies	18.725	1.13987178158972	40.0355	1199	0.27	0.34	13.76858883	0.264078795	43	4.7	3.3
Picea abies	18.51	1.09691431966169	40.024	1201	0.16	0.53	8.516730428	0.136422301	43	4.7	3.3
Picea abies	18.325	1.09205109440664	40.025	1201	0.12	0.35	12.27744582	0.202948047	43	4.7	3.3
Picea abies	18.47	1.11179195827132	40.0395	1199	0.11	0.37	14.203475	0.243128939	43	4.7	3.3
Picea abies	18.215	1.0897716617945	40.0315	1201	0.12	0.42	14.74559612	0.219392306	43	4.7	3.3
Picea abies	18.455	1.10502731907788	40.0575	1199.5	0.22	0.29	12.83905805	0.239563286	43	4.7	3.3
Picea abies	18.68	1.1597348148484	40.0405	1200	0.1	0.36	12.70796063	0.207792647	43	4.7	3.3
Picea abies	18.17	1.08099174507686	40.038	1201	0.11	0.39	12.75273142	0.229705515	43	4.7	3.3
Picea abies	18.065	1.03299054795886	40.003	1200.5	0.19	0.73	10.95734559	0.151393136	43	4.7	3.3
Picea abies	18.09	1.0617485846224	40.002	1200	0.12	0.49	13.87933774	0.182082911	43	4.7	3.3
Picea abies	18.07	1.0626748444903	40.0165	1199.5	0.23	0.57	7.435651087	0.158425701	43	4.7	3.3
Picea abies	18.25	1.05367452446841	40.036	1200	0.27	0.68	7.916641444	0.165524884	43	4.7	3.3
Picea abies	18.25	1.03945091346841	40.0515	1201	0.23	0.52	8.958956716	0.125261716	43	4.7	3.3
Picea abies	18.04	1.0229626772233	40.057	1200	0.14	0.38	8.829638249	0.143573485	43	4.7	3.3
Picea abies	18.21	1.0108906356702	40.0475	1200	0.34	1.3	1.019740633	0.092080385	43	4.7	3.3
Picea abies	18.485	1.03788959018937	40.069	1200.5	2.13	2.14	1.089412662	0.052705815	43	4.7	3.3
Picea abies	18.1925	1.00289318506853	40.05775	1200.5	2.52	2.735	0.426212321	0.046034282	43	4.7	3.3
Picea abies	18.07	0.983131840490298	40.0675	1200	2.88	3.025	0.297678684	0.030986381	43	4.7	3.3
Picea abies	17.89	0.957235867490153	40.06	1201	3.2	3.34	-0.269118676	0.028589733	43	4.7	3.3
Picea abies	17.89	0.893061271490153	40.0725	1199	0.18	0.87	7.57012223	0.125612522	43	4.7	3.3
Picea abies	17.86	0.854619413565896	40.0775	1200.5	0.2	0.58	7.752486817	0.090451713	43	4.7	3.3
Picea abies	17.91	0.854978298762578	40.109	1198.5	0.18	0.69	7.389859012	0.084411535	43	4.7	3.3
Picea abies	17.6	0.863386933644934	40.093	1199	0.18	0.89	10.88734168	0.176204466	43	4.7	3.3
Picea abies	17.525	0.841089874141601	40.095	1199	0.19	0.79	10.33533839	0.137574556	43	4.7	3.3
Picea abies	17.855	0.859374420094563	40.116	1201	0.22	0.79	8.182196304	0.125670316	43	4.7	3.3
Picea abies	17.77	0.842130582953567	40.127	1200	0.12	0.82	12.43823878	0.149452364	43	4.7	3.3
Picea abies	18.1	0.865438978477184	40.133	1201.5	0.22	0.58	9.930780193	0.115257917	43	4.7	3.3
Picea abies	17.67	0.858176150066429	40.1355	1199.5	0.19	0.61	11.55438695	0.19152537	43	4.7	3.3
Picea abies	18.14	0.888474789625626	39.9715	1199	0.13	0.62	10.74931195	0.148056323	43	4.7	3.3
Picea abies	17.915	0.876279291043026	39.9705	1201	0.18	0.48	10.10550655	0.187129558	43	4.7	3.3
Picea abies	17.78	0.854348920272577	39.9585	1200.5	0.16	0.74	13.61328451	0.225772792	43	4.7	3.3
Picea abies	17.42	0.835712463765345	39.9505	1200	0.15	0.55	12.15339955	0.219579277	43	4.7	3.3
Picea abies	17.39	0.811372956598713	39.947	1200	0.2	0.49	12.4183224	0.223637695	43	4.7	3.3
Picea abies	18	0.81093200851698	39.985	1199	2.43	2.67	-0.448024374	0.044042119	43	4.7	3.3
Picea abies	17.695	0.755377595816686	40.004	1200	2.22	2.45	0.657559246	0.058995359	43	4.7	3.3
Picea abies	17.89	0.771987871490153	39.994	1200	2.49	2.77	0.624950311	0.034424648	43	4.7	3.3
Picea abies	18.2	0.951616246373461	40.0375	1200.5	0.13	0.62	10.62948367	0.128076681	43	4.7	3.3
Picea abies	17.975	0.89600551699109	40.076	1201	0.11	0.59	10.67345816	0.150304899	43	4.7	3.3
Picea abies	17.825	0.874469115592499	40.0775	1199	0.23	0.52	12.33180152	0.171138258	43	4.7	3.3
Picea abies	17.215	0.791283722815408	40.088	1200	0.21	0.63	10.8337415	0.157621096	43	4.7	3.3
Picea abies	17.645	0.8641342883846	40.1135	1199	0.21	0.52	12.75717826	0.200729297	43	4.7	3.3
Picea abies	17.525	0.868462301141601	40.105	1199.5	0.16	0.54	13.09143778	0.222873919	43	4.7	3.3
Picea abies	18.175	0.923743696725827	40.0535	1201	0.14	0.51	13.27044155	0.162085877	43	4.7	3.3
Picea abies	18.72	0.937957917733566	40.0145	1199	2.23	2.34	0.609102374	0.027903719	43	4.7	3.3
Picea abies	18.215	0.903496431794501	40.006	1201	2.41	2.55	0.238582543	0.035448681	43	4.7	3.3
Picea abies	17.79	0.849832917590443	40.0175	1200	2.04	2.26	0.196763558	0.053882492	43	4.7	3.3
Picea abies	18.48	0.933811352621073	40.0445	1199.5	2.64	3.22	-0.340186369	0.040817938	43	4.7	3.3
Picea abies	18.33	0.90542101475441	40.047	1200	1.84	2.16	2.144505474	0.057900106	43	4.7	3.3
Picea abies	18.21	0.882464397670195	40.0495	1201	2.74	2.98	-0.023728561	0.040979398	43	4.7	3.3
Picea abies	18.395	0.913268166675251	39.93	1200.5	0.24	0.72	8.480286031	0.11539347	43	4.7	3.3
Picea abies	18.59	0.916551431153583	39.9245	1199	0.94	1.27	2.834675759	0.043084671	43	4.7	3.3
Picea abies	18.495	0.929494280324849	39.9205	1200	0.19	0.64	9.764938516	0.129874304	43	4.7	3.3
Picea abies	18.465	0.904937646405069	39.9285	1199.5	0.33	1.41	6.636880475	0.087142123	43	4.7	3.3
Picea abies	18.25	0.919293925468409	39.93	1199.5	0.19	0.8	3.66434006	0.100181849	43	4.7	3.3
Picea abies	18.375	0.932825559296642	39.9185	1199	0.18	0.95	5.096056195	0.09648665	43	4.7	3.3
Picea abies	18.42	0.948832095240405	39.925	1199	0.16	0.8	7.254705987	0.118548519	43	4.7	3.3
Picea abies	18.48	0.970146340621073	39.9485	1199	0.2	0.61	10.95255663	0.145443732	43	4.7	3.3
Picea abies	18.365	0.944047995102069	39.931	1200	0.19	0.5	12.57515762	0.189351723	43	4.7	3.3
Picea abies	18.375	0.930344795296642	39.9545	1199	0.21	0.89	12.14245125	0.167368662	43	4.7	3.3
Picea abies	18.32	0.936871724357801	39.9585	1200	0.17	0.61	13.19866511	0.22735355	43	4.7	3.3
Picea abies	18.445	0.927699519341955	39.942	1199	0.19	0.64	10.39994481	0.179910516	43	4.7	3.3
Picea abies	18.585	0.962282750971678	39.9435	1200.5	0.14	0.59	7.907533863	0.209593854	43	4.7	3.3
Picea abies	18.415	0.933837789293701	39.967	1199	0.19	0.57	12.0579765	0.188773601	43	4.7	3.3
Picea abies	18.465	0.934376069405069	39.9375	1201	0.2	1.01	6.292204034	0.13326074	43	4.7	3.3
Picea abies	18.88	0.985668395478825	39.9565	1200	0.16	0.73	7.61406142	0.129545515	43	4.7	3.3
Picea abies	18.525	0.936427939777517	39.9485	1201	0.17	0.55	12.19113876	0.155160909	43	4.7	3.3
Picea abies	18.555	0.946277754933054	39.9485	1200	0.15	0.94	7.302812934	0.149387875	43	4.7	3.3
Picea abies	18.605	0.935745966137218	39.9415	1200	0.23	1.1	6.412351356	0.135159086	43	4.7	3.3
Picea abies	18.56	0.941703964741205	39.9375	1199.5	0.19	0.78	7.390688649	0.137987827	43	4.7	3.3
Picea abies	18.69	0.94329353284099	39.9665	1200.5	0.14	0.86	8.918985259	0.104100176	43	4.7	3.3
Picea abies	18.62	0.892701222172248	39.965	1199	2.36	2.39	0.161778689	0.029192354	43	4.7	3.3
Picea abies	18.915	0.938767270493627	39.9705	1199.5	2.22	2.45	0.380510982	0.045768469	43	4.7	3.3
Picea abies	18.79	0.920289783746427	39.9575	1200.5	1.79	1.88	0.11214776	0.039351213	43	4.7	3.3
Picea abies	18.735	0.913023536436268	39.954	1200.5	2.8	3.52	-0.603891157	0.039421528	43	4.7	3.3
Picea abies	18.625	0.889650069060867	39.9525	1199	2.87	3.43	-0.463175023	0.012738262	43	4.7	3.3
Picea abies	18.575	0.887249986071359	39.9485	1200	2.69	3.03	-0.664394524	0.016504365	43	4.7	3.3
Picea abies	18.165	0.845775477423578	39.9415	1201	3.17	3.39	-1.480617797	0.045627055	43	4.7	3.3
Picea abies	13.77	0.850779063756016	40.0425	1199	0.35	0.65	10.7786122	0.218897769	43	4.7	3.3
Picea abies	13.955	0.835284260612121	40.0675	1199	0.38	0.6	10.73233763	0.150719465	43	4.7	3.3
Picea abies	13.745	0.801186898924332	40.052	1201	0.42	0.57	13.64962769	0.195843926	43	4.7	3.3
Picea abies	13.485	0.755568660424379	40.073	1199	0.37	0.6	7.573829579	0.141120371	43	4.7	3.3
Picea abies	13.125	0.728070273825659	40.0715	1200	0.4	0.7	8.749358647	0.205877155	43	4.7	3.3
Picea abies	13.36	0.720835410699731	40.0915	1199.5	0.34	0.46	9.316235246	0.158084568	43	4.7	3.3
Picea abies	13.06	0.667340192372617	40.089	1198.5	0.29	0.52	11.14679661	0.257114717	43	4.7	3.3
Picea abies	12.945	0.653398641426157	40.1065	1200	0.38	0.77	10.19724412	0.199927515	43	4.7	3.3
Picea abies	12.525	0.584742424321993	39.9925	1201	0.37	0.74	7.448892909	0.227720529	43	4.7	3.3
Picea abies	12.41	0.552060981520081	40.016	1199.5	0.42	0.69	11.54535168	0.226210901	43	4.7	3.3
Picea abies	12.62	0.662720207220481	39.9705	1199	0.5	0.63	14.81448999	0.261552163	43	4.7	3.3
Picea abies	12.39	0.560362256322829	40.033	1200	0.34	0.72	11.7324629	0.203645823	43	4.7	3.3
Picea abies	12.74	0.577366118183003	40.0785	1200	0.32	0.69	10.9159048	0.201854848	43	4.7	3.3
Picea abies	12.94	0.426923289321492	40.006	1200	1.84	1.9	0.803305036	0.069695807	43	4.7	3.3
Picea abies	12.82	0.515157067228518	39.9495	1199	2.76	2.87	1.731871651	0.084040668	43	4.7	3.3
Picea abies	13.58	0.483555564135225	40.0305	1200	1.98	2.17	0.750390023	0.062877244	43	4.7	3.3
Picea abies	13.29	0.431940264357066	40.0705	1199.5	0.34	0.6	6.013567408	0.152680435	43	4.7	3.3
Picea abies	13.09	0.446595416605363	40.0495	1199	0.36	0.57	9.746545445	0.261067552	43	4.7	3.3
Picea abies	12.795	0.417171093047017	39.97	1200	0.34	0.66	9.968092518	0.397476251	43	4.7	3.3
Picea abies	13.23	0.379083129100029	40.0665	1200	0.34	0.65	8.097048321	0.639418488	43	4.7	3.3
Picea abies	13.295	0.514795062448222	39.957	1200.5	0.37	0.59	13.32825154	0.408268356	43	4.7	3.3
Picea abies	13.425	0.440940912350233	39.978	1199	0.31	0.57	2.089117454	0.163351905	43	4.7	3.3
Picea abies	13.26	0.487427600263653	39.954	1200	0.33	0.59	8.79811073	0.161850075	43	4.7	3.3
Picea abies	13.365	0.377067294558215	40.034	1199.5	2.44	2.54	1.332868364	0.058978106	43	4.7	3.3
Picea abies	13.5	0.42308423760124	40.04	1198.5	1.75	2	2.441637205	0.280197256	43	4.7	3.3
Picea abies	13.745	0.523330848924332	39.9325	1200	2.13	2.21	1.921882859	0.058651337	43	4.7	3.3
Picea abies	13.49	0.661321977091206	39.952	1199	0.32	0.69	9.781925697	0.108892362	43	4.7	3.3
Picea abies	13.42	0.626413982109909	39.961	1200	0.29	0.84	7.763962693	0.080571963	43	4.7	3.3
Picea abies	13.69	0.677923288670638	39.9585	1200	0.3	0.76	12.93237964	0.164487462	43	4.7	3.3
Picea abies	13.425	0.578358017350233	39.9975	1200.5	0.37	0.63	12.61618392	0.204548193	43	4.7	3.3
Picea abies	13.5	0.64550798160124	39.947	1200	0.41	0.69	11.04228892	0.171868729	43	4.7	3.3
Picea abies	13.035	0.612102523448	39.9295	1200	0.35	0.69	8.813029417	0.191684777	43	4.7	3.3
Picea abies	12.705	0.557183452618384	39.9425	1199	0.38	0.84	7.169260621	0.18160804	43	4.7	3.3
Picea abies	12.7	0.515783510185934	39.955	1200.5	0.37	0.63	8.142816009	0.165726308	43	4.7	3.3
Picea abies	13.035	0.609264280448	39.9425	1200	0.4	0.63	10.15485403	0.185920279	43	4.7	3.3
Picea abies	13.055	0.549743580407674	40	1199	0.35	0.55	8.385852429	0.206224273	43	4.7	3.3
Picea abies	12.7	0.505800525185934	39.9945	1199	0.32	0.44	10.17341032	0.193237002	43	4.7	3.3
Picea abies	12.65	0.469472855030282	40.032	1199.5	0.39	0.74	10.49097167	0.191345544	43	4.7	3.3
Picea abies	12.715	0.462741792406651	40.032	1201	0.3	0.66	9.951889733	0.210237112	43	4.7	3.3
Picea abies	12.92	0.471577738899774	40.062	1200.5	0.33	0.64	9.699778658	0.16179208	43	4.7	3.3
Picea abies	12.815	0.416104611702779	40.088	1199	0.31	0.56	7.203781187	0.130736042	43	4.7	3.3
Picea abies	12.56	0.450013363042372	40.049	1200	0.35	0.55	8.942618073	0.147090885	43	4.7	3.3
Picea abies	12.81	0.464120263555874	40.043	1200	0.33	0.54	4.843941292	0.134387711	43	4.7	3.3
Picea abies	12.91	0.45913902540723	40.0525	1200.5	0.42	0.73	7.442958533	0.141940078	43	4.7	3.3
Picea abies	12.925	0.424006926274223	40.0795	1200	0.35	0.43	7.595921595	0.136267936	43	4.7	3.3
Picea abies	13.315	0.540041770017874	40.0085	1200	0.69	1.29	1.345887252	0.095276861	43	4.7	3.3
Picea abies	12.845	0.428841996734318	40.04	1200.5	3.2	3.4	-0.958096532	0.026066536	43	4.7	3.3
Picea abies	12.635	0.46162728042861	40.027	1199	2.67	2.73	-0.219064574	0.033906839	43	4.7	3.3

