Species	Tleaf	VPA	CO2	PAR	Psoil	Pleaf	A	Gs	Vcmax	WeibullB	WeibullC
Pinus edulis	16.23	0.395111062251919	38.2	2000	0.8	1.6	0.166	0.01	35	4	6
Pinus edulis	16.78	0.600815656100609	36	2000	1.05	2.1	2.779	0.025	35	4	6
Pinus edulis	15.5	0.550965235287804	36.2	2000	1.2	2.3	4.188	0.034	35	4	6
Pinus edulis	19.37	0.458557522537169	38.1	2000	0.8	1.6	0.198	0.01	35	4	6
Pinus edulis	20.59	0.684978185298356	36.2	2000	1.05	2.1	2.568	0.023	35	4	6
Pinus edulis	18.6	0.633082739193765	36.6	2000	1.2	2.3	3.4	0.034	35	4	6
Pinus edulis	25.89	0.699534513960686	37	2000	1.05	2.1	1.846	0.016	35	4	6
Pinus edulis	24.23	0.595260570743054	37.4	2000	1.2	2.3	2.314	0.02	35	4	6
Pinus edulis	28.41	0.58098342846674	37.9	2000	1.05	2.1	1.002	0.01	35	4	6
Pinus edulis	27.45	0.560435452598963	37.6	2000	1.2	2.3	2.431	0.021	35	4	6
Pinus edulis	30.87	0.549303166271715	38.4	2000	1.05	2.1	0.546	0.006	35	4	6
Pinus edulis	29.62	0.461319259114628	38.6	2000	1.2	2.3	0.51	0.01	35	4	6
Pinus edulis	30.63	0.548675946081708	38.3	2000	1.05	2.1	0.706	0.009	35	4	6
Pinus edulis	30.67	0.498730444228826	38.7	2000	1.2	2.3	0.707	0.011	35	4	6
Pinus edulis	29.35	0.397280077148569	38.4	2000	1.05	2.1	0.541	0.004	35	4	6
Pinus edulis	27.9	0.477854059888064	38.4	2000	1.2	2.3	0.969	0.011	35	4	6
Pinus edulis	23.37	0.762833895720631	37.1	2000	1.5	2.5	2.51	0.0212	35	4	6
Pinus edulis	25	0.747673991975823	38.4	2000	1.8	2.1	0.984	0.0171	35	4	6
Pinus edulis	25.07	0.680905873779806	37.7	2000	1.3	2.1	2.174	0.0177	35	4	6
Pinus edulis	26.44	0.769755317826386	37.5	2000	1.5	2.5	2.113	0.018	35	4	6
Pinus edulis	27.01	0.697315585635466	38.8	2000	1.8	2.1	0.492	0.0125	35	4	6
Pinus edulis	27.3	0.658455032180964	38.3	2000	1.3	2.1	1.435	0.0143	35	4	6
Pinus edulis	31.58	0.742931130610943	38.4	2000	1.5	2.5	0.941	0.0103	35	4	6
Pinus edulis	31.97	0.796565278593894	38.9	2000	1.5	2.5	0.163	0.0052	35	4	6
Pinus edulis	31.25	0.846781792682211	38.7	2000	1.5	2.5	0.319	0.0062	35	4	6
Pinus edulis	20.56	1.40049899737598	37.5	2000	1.9	2.3	2.405	0.0225	35	4	6
Pinus edulis	21.39	1.54712687954865	37.4	2000	2.05	2.22	1.769	0.0156	35	4	6
Pinus edulis	21.97	1.42901408235386	37.9	2000	1.8	2.55	3.543	0.0416	35	4	6
Pinus edulis	23.74	1.56757082634609	37.1	2000	1.9	2.3	3.13	0.0233	35	4	6
Pinus edulis	24.53	1.54006779094711	38.1	2000	2.05	2.22	1.113	0.0128	35	4	6
Pinus edulis	25.18	1.5717962083591	38	2000	1.8	2.55	2.609	0.0392	35	4	6
Pinus edulis	23.74	0.877570826346093	38	2000	1.9	2.3	1.564	0.0159	35	4	6
Pinus edulis	27.17	1.40093577024884	37.6	2000	2.05	2.22	1.091	0.0109	35	4	6
Pinus edulis	29.44	1.23853031444227	38.4	2000	1.8	2.55	1.194	0.0188	35	4	6
Pinus edulis	30.19	1.1593850930349	38.4	2000	1.9	2.3	0.868	0.0086	35	4	6
Pinus edulis	32.11	1.01425426139578	38.8	2000	1.8	2.55	0.267	0.0076	35	4	6
Pinus edulis	31.68	0.869314779896881	38.4	2000	1.9	2.3	0.115	0.0041	35	4	6
Pinus edulis	31.41	1.06837610302056	38.1	2000	2.05	2.22	0.55	0.0058	35	4	6
Pinus edulis	33.31	0.908109357872142	39	2000	1.8	2.55	0.24	0.0059	35	4	6
Pinus edulis	32.51	0.883372864353659	40.1	2000	1.9	2.3	0.159	0.0029	35	4	6
Pinus edulis	33.52	0.878566393088352	39	2000	1.8	2.55	0.106	0.0075	35	4	6
Pinus edulis	32.72	0.861520406486791	39	2000	1.9	2.3	0.097	0.0046	35	4	6
Pinus edulis	31.86	0.92713368402939	39.2	2000	2.05	2.22	0.075	0.0047	35	4	6
Pinus edulis	33.54	0.86435639562602	39.2	2000	1.8	2.55	0.143	0.0077	35	4	6
Pinus edulis	24.13	2.03718154569202	36.1	2000	0.8	2.25	2.8	0.0675	35	4	6
Pinus edulis	25.58	2.21877286172052	34.9	2000	0.87	2.15	3.796	0.0766	35	4	6
Pinus edulis	25.78	2.02786253984111	36.1	2000	0.98	2.1	2.851	0.0539	35	4	6
Pinus edulis	28.13	2.52851173255814	34.9	2000	0.8	2.25	3.455	0.0877	35	4	6
Pinus edulis	28.47	2.38448564617804	35.2	2000	0.87	2.15	3.27	0.0624	35	4	6
Pinus edulis	27.46	2.10257618040705	36.1	2000	0.98	2.1	2.589	0.0456	35	4	6
Pinus edulis	32.19	2.51590730181191	35.9	2000	0.8	2.25	2.436	0.0474	35	4	6
Pinus edulis	33.43	2.50258077180645	36.4	2000	0.87	2.15	1.792	0.0422	35	4	6
Pinus edulis	34.53	2.20807499222851	37.3	2000	0.98	2.1	1.321	0.0273	35	4	6
Pinus edulis	37.57	2.65205338431913	36.4	2000	0.8	2.25	1.804	0.0383	35	4	6
Pinus edulis	36.8	2.15657856100505	37.8	2000	0.87	2.15	0.3	0.0199	35	4	6
Pinus edulis	34.18	1.94262730115894	37.2	2000	0.98	2.1	1.287	0.0217	35	4	6
Pinus edulis	33.3	2.07524579658784	37.2	2000	0.8	2.25	1.177	0.0265	35	4	6
Pinus edulis	32.16	1.90777745865372	37.4	2000	0.87	2.15	0.996	0.0202	35	4	6
Pinus edulis	30.99	1.80988818509125	37.4	2000	0.98	2.1	1.08	0.0243	35	4	6
Pinus edulis	31.79	2.11848713640903	36.3	2000	0.8	2.25	2.054	0.0334	35	4	6
Pinus edulis	31.15	1.77095170216356	37.3	2000	0.87	2.15	1.414	0.022	35	4	6
Pinus edulis	30.22	1.70676100450534	37.7	2000	0.98	2.1	0.971	0.0218	35	4	6
Pinus edulis	25.44	1.13164952290966	38.2	2000	1.35	2.1	2.117	0.0204	35	4	6
Pinus edulis	26.04	1.17928598533997	37.5	2000	1.38	2.15	2.486	0.0203	35	4	6
Pinus edulis	25.46	1.1155122691726	38.2	2000	1.35	2.2	1.201	0.0123	35	4	6
Pinus edulis	28.93	1.06937147235548	37.2	2000	1.35	2.1	1.35	0.0145	35	4	6
Pinus edulis	31.37	0.957946720803085	39	2000	1.38	2.15	0.139	0.0026	35	4	6
Pinus edulis	29.72	1.12525795511001	38.5	2000	1.35	2.2	0.711	0.0083	35	4	6
Pinus edulis	31.72	1.16990465117306	38.4	2000	1.35	2.1	1.322	0.0132	35	4	6
Pinus edulis	33.38	1.14819327325552	38.7	2000	1.35	2.2	0.442	0.0075	35	4	6
Pinus edulis	36.12	0.990029387783604	39.1	2000	1.35	2.1	0.44	0.0069	35	4	6
Pinus edulis	36.05	0.977120243497678	39	2000	1.35	2.1	0.168	0.0069	35	4	6
Pinus edulis	35.88	0.921800134704409	39	2000	1.38	2.15	0.075	0.0026	35	4	6
Pinus edulis	17.52	1.35244772525955	34.8	2000	1	2.3	4.168	0.0481	35	4	6
Pinus edulis	19.09	1.42968926957458	35.1	2000	1.3	2.3	3.53	0.031	35	4	6
Pinus edulis	19.05	1.47418492778874	35.1	2000	0.9	2.2	4.013	0.0447	35	4	6
Pinus edulis	21.46	1.61806626309348	34.9	2000	1	2.3	4.701	0.0512	35	4	6
Pinus edulis	22.72	1.66211800736224	34.7	2000	1.3	2.3	3.121	0.0357	35	4	6
Pinus edulis	21.55	1.58219148780493	35.4	2000	0.9	2.2	3.407	0.0442	35	4	6
Pinus edulis	20.91	1.5532089149725	34.3	2000	1	2.3	4.923	0.0559	35	4	6
Pinus edulis	20.95	1.44929630890602	35.4	2000	1.3	2.3	2.997	0.0287	35	4	6
Pinus edulis	21.26	1.5469192872642	34.8	2000	0.9	2.2	4.082	0.0513	35	4	6
Pinus edulis	20.46	1.47562056143619	35.1	2000	1	2.3	4.169	0.0475	35	4	6
Pinus edulis	19.76	1.36369156733899	35.5	2000	1.3	2.3	3.034	0.0265	35	4	6
Pinus edulis	19.86	1.42801751545266	35.3	2000	0.9	2.2	3.726	0.0407	35	4	6
Pinus edulis	28.63	1.33069213891673	36	2000	1	2.3	4.008	0.0352	35	4	6
Pinus edulis	28.16	1.08516287852885	37.2	2000	1.3	2.3	1.956	0.0157	35	4	6
Pinus edulis	28.2	1.33404679958588	36.4	2000	0.9	2.2	3.393	0.0357	35	4	6
Pinus edulis	17.45	0.593618098562178	38.6	2000	2.1	2.1	0.244	0.002	35	4	6
Pinus edulis	18.81	0.591410096755147	38.7	2000	2.35	2.4	0.339	0.002	35	4	6
Pinus edulis	18.21	0.611331798670195	38.4	2000	3	3.6	0.554	0.003	35	4	6
Pinus edulis	20.29	0.640510654927225	38.6	2000	2.1	2.1	0.483	0.004	35	4	6
Pinus edulis	21.25	0.625370675860083	38.8	2000	2.35	2.4	0.278	0.002	35	4	6
Pinus edulis	19.78	0.636550546298935	38.6	2000	3	3.6	0.397	0.004	35	4	6
Pinus edulis	22.8	0.66554034839283	38.9	2000	2.1	2.1	0.233	0.003	35	4	6
Pinus edulis	24.15	0.640789791116413	38.8	2000	2.35	2.4	0.081	0.002	35	4	6
Pinus edulis	23.76	0.661106093366706	39	2000	3	3.6	0.128	0.003	35	4	6
Pinus edulis	15.15	0.321828450225731	39.4	2000	2.3	2.5	0.863	0.006	35	4	6
Pinus edulis	15.04	0.329686864218797	40	2000	2.53	2.6	0.271	0.004	35	4	6
Pinus edulis	14.99	0.414192824614046	39	2000	2.35	3	1.491	0.011	35	4	6
Pinus edulis	23.88	0.892395761727737	39.7	2000	2.35	3	0.32	0.003	35	4	6
Pinus edulis	29.52	1.12750002525505	38.7	2000	2.5	2.5	0.015	0.003	35	4	6
Pinus edulis	39.07	0.947554345183494	38.6	2000	2.5	2.5	0.022	0.002	35	4	6
Pinus edulis	26.17	1.66525717044834	37.7	2000	1.4	2.6	3.166	0.027	35	4	6
Pinus edulis	26.09	1.76925434048784	37	2000	1.45	2.4	4.961	0.037	35	4	6
Pinus edulis	26.2	1.73127523472912	36.8	2000	1.25	2.9	4.941	0.035	35	4	6
Pinus edulis	29.9	1.76865025676621	36.9	2000	1.4	2.6	3.978	0.032	35	4	6
Pinus edulis	30.07	1.71999142182214	37.4	2000	1.45	2.4	3.219	0.023	35	4	6
Pinus edulis	29.91	2.00107239587701	36.1	2000	1.25	2.9	5.344	0.048	35	4	6
Pinus edulis	32.2	1.75861990693404	37.4	2000	1.4	2.6	3.297	0.022	35	4	6
Pinus edulis	33.2	1.63668657774641	37.5	2000	1.45	2.4	2.047	0.016	35	4	6
Pinus edulis	32.82	2.0194199203464	35.4	2000	1.25	2.9	5.402	0.05	35	4	6
Pinus edulis	34.45	1.64381572392082	37.2	2000	1.4	2.6	3.081	0.023	35	4	6
Pinus edulis	35.66	1.45087070847753	38.2	2000	1.45	2.4	1.058	0.008	35	4	6
Pinus edulis	36.24	2.03947985258389	36.2	2000	1.25	2.9	4.004	0.035	35	4	6
Pinus edulis	36.14	1.46658886374317	37.9	2000	1.4	2.6	1.761	0.012	35	4	6
Pinus edulis	37.07	1.29857251672832	38.5	2000	1.45	2.4	0.363	0.004	35	4	6
Pinus edulis	37.48	1.78052496234509	37.2	2000	1.25	2.9	2.746	0.022	35	4	6
Pinus edulis	39.08	1.45132047130855	38.4	2000	1.4	2.6	1.329	0.01	35	4	6
Pinus edulis	40.37	1.27205523186155	38.8	2000	1.45	2.4	0.317	0.004	35	4	6
Pinus edulis	40.38	1.5560543888716	38.1	2000	1.25	2.9	1.386	0.012	35	4	6
Pinus edulis	35.31	1.28955108492452	38.4	2000	1.4	2.6	1.001	0.007	35	4	6
Pinus edulis	34.76	1.26834247393453	38.6	2000	1.45	2.4	0.508	0.007	35	4	6
Pinus edulis	34.93	1.58078043847264	37.2	2000	1.25	2.9	2.65	0.019	35	4	6
Pinus edulis	16.13	1.11337990324092	37.4	2000	2.2	2.2	1.417	0.026	35	4	6
Pinus edulis	17.59	1.13131157592109	37.2	2000	2.15	2.2	1.382	0.019	35	4	6
Pinus edulis	18.84	1.06548348940114	37.8	2000	2.1	2.3	1.479	0.017	35	4	6
Pinus edulis	20.68	1.01845925239511	38	2000	2.2	2.2	0.841	0.011	35	4	6
Pinus edulis	21.01	1.05845195230688	37.6	2000	2.15	2.2	1.213	0.011	35	4	6
Pinus edulis	21.65	1.02796606051244	37.8	2000	2.1	2.3	1.567	0.012	35	4	6
Pinus edulis	24.01	1.02561119253318	37.9	2000	2.2	2.2	1.068	0.008	35	4	6
Pinus edulis	23.18	1.06007713508659	37.7	2000	2.15	2.2	1.024	0.009	35	4	6
Pinus edulis	25.11	0.988488566449967	38.1	2000	2.1	2.3	1.044	0.007	35	4	6
Pinus edulis	30.53	1.04362685634482	38.8	2000	2.2	2.2	0.299	0.004	35	4	6
Pinus edulis	31.12	0.9132275283774	38.8	2000	2.1	2.3	0.372	0.003	35	4	6
Pinus edulis	29.72	0.985257955110011	38.8	2000	2.2	2.2	0.168	0.002	35	4	6
Pinus edulis	29.13	0.775737089268678	39	2000	2.2	2.2	0.166	0.003	35	4	6
Pinus edulis	28.92	0.807065408495768	39.3	2000	2.1	2.3	0.021	0.003	35	4	6
Pinus edulis	24.75	0.750808256941602	36.5	2000	1.3	2.5	4.703	0.044	35	4	6
Pinus edulis	25.24	0.543241276161032	37.5	2000	1.4	2.35	3.719	0.032	35	4	6
Pinus edulis	26.24	0.719313778522076	36.9	2000	1.1	2.2	6.329	0.06	35	4	6
Pinus edulis	27.7	0.894281756726096	36.5	2000	1.3	2.5	4.823	0.049	35	4	6
Pinus edulis	27.73	0.490789425559855	38	2000	1.4	2.35	2.424	0.02	35	4	6
Pinus edulis	28.35	0.607522076109669	37.7	2000	1.1	2.2	4.112	0.036	35	4	6
Pinus edulis	29.93	0.79592030229904	37.4	2000	1.3	2.5	3.148	0.033	35	4	6
Pinus edulis	31.49	0.549296680689612	37.7	2000	1.4	2.35	2.228	0.017	35	4	6
Pinus edulis	31.8	0.591147002432987	38.1	2000	1.1	2.2	2.78	0.025	35	4	6
Pinus edulis	31.51	0.764539727704073	37.7	2000	1.3	2.5	2.859	0.027	35	4	6
Pinus edulis	31.94	0.438522705024695	38.8	2000	1.4	2.35	1.315	0.012	35	4	6
Pinus edulis	33.68	0.645043948684129	38.5	2000	1.1	2.2	2.675	0.025	35	4	6
Pinus edulis	32.83	0.69221736326462	38	2000	1.3	2.5	2.552	0.023	35	4	6
Pinus edulis	33.14	0.429617564212764	38.9	2000	1.4	2.35	1.307	0.012	35	4	6
Pinus edulis	33.47	0.614115931872575	38.6	2000	1.1	2.2	2.315	0.026	35	4	6
Pinus edulis	32.47	0.63236462852176	38.2	2000	1.3	2.5	2.373	0.02	35	4	6
Pinus edulis	31.55	0.435041334701225	38.8	2000	1.4	2.35	1.598	0.014	35	4	6
Pinus edulis	31.28	0.554555728126851	38.6	2000	1.1	2.2	2.302	0.025	35	4	6
Pinus edulis	17.41	0.678587920296702	38.2	2000	1.22	1.8	2.324	0.0185	35	4	6
Pinus edulis	21.73	0.900646504634594	37.7	2000	1.25	2.3	2.816	0.0255	35	4	6
Pinus edulis	22.34	0.929132853891491	37.5	2000	1.1	1.7	3.664	0.0331	35	4	6
Pinus edulis	25.31	0.736638923482621	37.8	2000	1.22	1.8	3.247	0.0266	35	4	6
Pinus edulis	26.17	0.74525717044834	38.1	2000	1.25	2.3	2.092	0.0215	35	4	6
Pinus edulis	27.13	0.892504958309347	37.4	2000	1.1	1.7	3.343	0.0297	35	4	6
Pinus edulis	30.75	0.818899386934694	38.4	2000	1.22	1.8	1.79	0.0197	35	4	6
Pinus edulis	32.41	1.12589259579524	37.9	2000	1.25	2.3	2.211	0.0266	35	4	6
Pinus edulis	34.16	0.916655276178899	37.8	2000	1.1	1.7	1.75	0.0151	35	4	6
Pinus edulis	32.96	0.85870847720137	38	2000	1.22	1.8	2.393	0.0204	35	4	6
Pinus edulis	34.48	1.2729020071177	37.3	2000	1.25	2.3	2.795	0.0315	35	4	6
Pinus edulis	35.58	0.865262021213121	38.4	2000	1.1	1.7	1.455	0.0157	35	4	6
Pinus edulis	35.53	0.839306148642369	38.6	2000	1.22	1.8	1.328	0.0162	35	4	6
Pinus edulis	36.88	1.09371389434	38.1	2000	1.25	2.3	1.622	0.0206	35	4	6
Pinus edulis	37.65	0.79019074987871	39	2000	1.1	1.7	0.397	0.0113	35	4	6
Pinus edulis	35	0.812497129745681	38.3	2000	1.22	1.8	1.9	0.0159	35	4	6
Pinus edulis	37.17	1.19294278764039	38	2000	1.25	2.3	1.735	0.0251	35	4	6
Pinus edulis	38	0.774540701196732	38.7	2000	1.1	1.7	0.758	0.0113	35	4	6
Pinus edulis	35.71	0.736925813472289	38.5	2000	1.22	1.8	1.418	0.011	35	4	6
Pinus edulis	37.52	1.03452113674814	38.3	2000	1.25	2.3	1.349	0.0175	35	4	6
Pinus edulis	37.75	0.855511349773329	38.8	2000	1.1	1.7	0.666	0.013	35	4	6
Pinus edulis	21.6	1.08006824166378	37.9	2000	1.6	1.85	2.557	0.0167	35	4	6
Pinus edulis	23.19	1.16179301121416	38.1	2000	1.78	1.83	2.502	0.0221	35	4	6
Pinus edulis	24.8	1.4901327230714	35.9	2000	1.4	1.7	6.838	0.0622	35	4	6
Pinus edulis	27.58	1.26835007644091	37.6	2000	1.6	1.85	2.989	0.0216	35	4	6
Pinus edulis	26.73	1.15913781073366	38.4	2000	1.78	1.83	1.547	0.0148	35	4	6
Pinus edulis	27.56	1.52404349171771	36.5	2000	1.4	1.7	5.563	0.0556	35	4	6
Pinus edulis	31.15	1.22095170216356	38.6	2000	1.6	1.85	1.329	0.0105	35	4	6
Pinus edulis	31.47	1.25405879897579	38.6	2000	1.78	1.83	1.131	0.0111	35	4	6
Pinus edulis	32.76	1.60266388242883	37.2	2000	1.4	1.7	4.113	0.0345	35	4	6
Pinus edulis	35.21	1.17808588870588	38.8	2000	1.6	1.85	0.531	0.0046	35	4	6
Pinus edulis	34.77	1.14141523093959	38.9	2000	1.78	1.83	0.374	0.0064	35	4	6
Pinus edulis	33.64	1.40339075660228	37.8	2000	1.4	1.7	2.732	0.0229	35	4	6
Pinus edulis	37.64	1.01666779720207	37.9	2000	1.6	1.85	0.227	0.0025	35	4	6
Pinus edulis	33.88	1.08364958766342	38.9	2000	1.78	1.83	0.284	0.0059	35	4	6
Pinus edulis	34.13	1.49770803671554	37.3	2000	1.4	1.7	3.615	0.0321	35	4	6
Pinus edulis	33.54	1.06435639562602	38.7	2000	1.6	1.85	0.795	0.0059	35	4	6
Pinus edulis	18.52	1.39237674080381	34.9	2000	1.42	1.85	5.665	0.0455	35	4	6
Pinus edulis	20.16	1.45146387561256	36	2000	1.35	1.8	4.272	0.0358	35	4	6
Pinus edulis	20.82	1.60956001851063	34.7	2000	1.43	2.2	4.909	0.0551	35	4	6
Pinus edulis	23.78	1.56464507234614	35.1	2000	1.42	1.85	6.199	0.0581	35	4	6
Pinus edulis	24.44	1.37353541791576	36.7	2000	1.35	1.8	3.461	0.0332	35	4	6
Pinus edulis	24.12	1.55537883811189	35.8	2000	1.43	2.2	3.304	0.0403	35	4	6
Pinus edulis	27.96	1.49101222061654	36.1	2000	1.42	1.85	4.157	0.0416	35	4	6
Pinus edulis	28.07	1.28523971431243	36.4	2000	1.35	1.8	3.912	0.0378	35	4	6
Pinus edulis	27.9	1.29785405988806	37.3	2000	1.43	2.2	1.622	0.0257	35	4	6
Pinus edulis	31.58	1.26293113061094	37.2	2000	1.42	1.85	2.938	0.0293	35	4	6
Pinus edulis	31.33	1.25753789764129	37	2000	1.35	1.8	3.24	0.0308	35	4	6
Pinus edulis	30.99	1.34988818509125	37.6	2000	1.43	2.2	1.571	0.0267	35	4	6
Pinus edulis	35.64	1.12445937432217	37.9	2000	1.42	1.85	1.691	0.0186	35	4	6
Pinus edulis	32.44	1.16412256977973	37.3	2000	1.35	1.8	3.136	0.027	35	4	6
Pinus edulis	32.24	1.14948362897952	38.2	2000	1.43	2.2	1.105	0.0185	35	4	6
Pinus edulis	36.71	1.14617366994784	38	2000	1.42	1.85	1.365	0.0163	35	4	6
Pinus edulis	32.28	1.36036865971936	37.1	2000	1.35	1.8	2.91	0.0257	35	4	6
Pinus edulis	30.79	1.26901389801651	38.1	2000	1.43	2.2	0.841	0.0155	35	4	6
Pinus edulis	35.07	1.41428679869849	37.8	2000	1.42	1.85	1.762	0.0207	35	4	6
Pinus edulis	32.42	1.45863457862182	37	2000	1.35	1.8	3.176	0.0296	35	4	6
Pinus edulis	31.67	1.2866705671305	38.5	2000	1.43	2.2	0.592	0.0135	35	4	6
Pinus edulis	24.28	2.18433558658897	36.1	2000	0.83	1.95	4.612	0.0667	35	4	6
Pinus edulis	26.84	2.36189403012926	36.4	2000	0.8	1.4	5.762	0.0868	35	4	6
Pinus edulis	27.32	2.40270497932168	35.3	2000	0.83	2	5.533	0.0747	35	4	6
Pinus edulis	28.21	2.38627059132699	36.2	2000	0.83	1.95	3.807	0.0609	35	4	6
Pinus edulis	27.76	2.33730701928892	35.5	2000	0.8	1.4	5.444	0.0866	35	4	6
Pinus edulis	27.9	2.53785405988806	34.5	2000	0.83	2	6.363	0.1035	35	4	6
Pinus edulis	29.18	2.39740148009104	35.6	2000	0.83	1.95	4.076	0.0721	35	4	6
Pinus edulis	30.82	2.36661295103647	35.5	2000	0.8	1.4	5.416	0.0769	35	4	6
Pinus edulis	31.57	2.760299903224	34.7	2000	0.83	2	5.482	0.0979	35	4	6
Pinus edulis	33.3	2.58524579658784	35.7	2000	0.83	1.95	4.048	0.069	35	4	6
Pinus edulis	33.26	2.15380545255615	36.5	2000	0.8	1.4	3.746	0.0445	35	4	6
Pinus edulis	33.19	2.75383828285358	34.8	2000	0.83	2	5.532	0.0909	35	4	6
Pinus edulis	32.89	2.30903069100272	35.9	2000	0.83	1.95	3.895	0.0554	35	4	6
Pinus edulis	35.5	1.86975088423379	37.3	2000	0.8	1.4	2.405	0.0305	35	4	6
Pinus edulis	35.76	2.74301922166003	35.1	2000	0.83	2	4.831	0.0726	35	4	6
Pinus edulis	36.86	2.49692044531546	36.7	2000	0.83	1.95	2.526	0.0504	35	4	6
Pinus edulis	35.01	1.84560546680645	37.1	2000	0.8	1.4	2.624	0.0301	35	4	6
Pinus edulis	34.39	2.48568247638971	35.6	2000	0.83	2	4.444	0.0634	35	4	6
Pinus edulis	34.82	2.0568011630138	36.8	2000	0.83	1.95	2.777	0.0414	35	4	6
Pinus edulis	34.88	1.62531308321156	37.3	2000	0.8	1.4	2.749	0.0277	35	4	6
Pinus edulis	34.17	2.0196405684148	36.6	2000	0.83	2	3.217	0.0381	35	4	6
Pinus edulis	20.72	1.91447183474679	35.6	2000	0.95	2	5.492	0.116	35	4	6
Pinus edulis	24.22	1.96344841159477	35.6	2000	1	1.9	3.47	0.0637	35	4	6
Pinus edulis	24.61	2.01482850686582	35.2	2000	0.85	2.25	4.579	0.0896	35	4	6
Pinus edulis	28.08	2.12744891741235	36	2000	0.95	2	4.258	0.0667	35	4	6
Pinus edulis	29.23	2.30909518884022	35.9	2000	1	1.9	3.749	0.0685	35	4	6
Pinus edulis	29.82	2.24931661550387	36.2	2000	0.85	2.25	3.972	0.0678	35	4	6
Pinus edulis	33.02	1.9956286351152	37	2000	0.95	2	2.742	0.0357	35	4	6
Pinus edulis	34.17	2.5296405684148	36.2	2000	1	1.9	2.798	0.0508	35	4	6
Pinus edulis	34.43	2.17776548696444	36.9	2000	0.85	2.25	2.35	0.0367	35	4	6
Pinus edulis	36.12	2.1300293877836	37.3	2000	0.95	2	1.666	0.0337	35	4	6
Pinus edulis	37.88	2.67167645825001	36.1	2000	1	1.9	2.359	0.0432	35	4	6
Pinus edulis	38.06	2.13606329330082	37.1	2000	0.85	2.25	1.731	0.0276	35	4	6
Pinus edulis	38.74	1.93424864644614	37.7	2000	0.95	2	1.05	0.0231	35	4	6
Pinus edulis	38.85	2.4551405598671	36.5	2000	1	1.9	2.04	0.0355	35	4	6
Pinus edulis	38.77	2.07538024187531	37.2	2000	0.85	2.25	1.603	0.0276	35	4	6
Pinus edulis	36.27	2.38937763247552	36.5	2000	0.95	2	2.341	0.0444	35	4	6
Pinus edulis	38.7	2.19943067441858	36.8	2000	1	1.9	1.843	0.0292	35	4	6
Pinus edulis	38.77	1.80538024187531	37.5	2000	0.85	2.25	1.301	0.0198	35	4	6
Pinus edulis	35.36	2.30534019191942	36.3	2000	0.95	2	2.591	0.0468	35	4	6
Pinus edulis	35.2	2.08494763942328	36.3	2000	1	1.9	2.436	0.0352	35	4	6
Pinus edulis	34.55	1.77415441288874	37.8	2000	0.85	2.25	0.965	0.0277	35	4	6
Pinus edulis	20.47	1.61710479842653	36.1	2000	1.23	2.3	2.275	0.0225	35	4	6
Pinus edulis	21.08	1.67917087013789	36.4	2000	1.1	2.2	2.989	0.0355	35	4	6
Pinus edulis	21.95	1.80579800873011	35.2	2000	0.83	2.4	5.347	0.0668	35	4	6
Pinus edulis	24.43	1.71170327443681	36.1	2000	1.23	2.3	2.255	0.0221	35	4	6
Pinus edulis	25.49	1.63131388901786	36.8	2000	1.1	2.2	2.089	0.0236	35	4	6
Pinus edulis	25.86	1.91361177482771	35.3	2000	0.83	2.4	5.013	0.0624	35	4	6
Pinus edulis	27.73	1.62078942555985	37.1	2000	1.23	2.3	1.307	0.014	35	4	6
Pinus edulis	28.94	1.61167869662858	37.1	2000	1.1	2.2	2.054	0.0209	35	4	6
Pinus edulis	28.65	1.88523853391563	35.7	2000	0.83	2.4	4.483	0.0508	35	4	6
Pinus edulis	31.21	1.46643444309373	37.7	2000	1.23	2.3	0.857	0.0086	35	4	6
Pinus edulis	31.94	1.48852270502469	37.7	2000	1.1	2.2	1.615	0.0163	35	4	6
Pinus edulis	32.62	1.61375671375214	37.2	2000	0.83	2.4	2.552	0.0242	35	4	6
Pinus edulis	34.74	1.12220138459992	38.2	2000	1.23	2.3	0.142	0.0018	35	4	6
Pinus edulis	32.52	1.20612828844115	38.4	2000	1.1	2.2	0.483	0.007	35	4	6
Pinus edulis	32.15	1.50507016652046	37.1	2000	0.83	2.4	2.526	0.0244	35	4	6
Pinus edulis	33.27	1.14666345452758	38.3	2000	1.23	2.3	0.25	0.002	35	4	6
Pinus edulis	33.39	1.23106798029825	38.2	2000	1.1	2.2	0.603	0.0076	35	4	6
Pinus edulis	33.44	1.49546246335238	37.2	2000	0.83	2.4	2.359	0.0229	35	4	6
Pinus edulis	31.92	1.24316756765573	37.8	2000	1.23	2.3	0.721	0.0053	35	4	6
Pinus edulis	32.69	1.24317706267594	38.1	2000	1.1	2.2	0.703	0.0088	35	4	6
Pinus edulis	31.44	1.31621165201888	37.8	2000	0.83	2.4	1.284	0.0133	35	4	6
Pinus edulis	22.71	1.4604442061478	36.4	2000	1	2.25	4.181	0.0437	35	4	6
Pinus edulis	25.23	1.64133129146761	35.8	2000	1.15	2.25	4.257	0.0511	35	4	6
Pinus edulis	26	1.46132976181053	36.4	2000	0.93	1.4	5.668	0.0718	35	4	6
Pinus edulis	28.22	1.38849550861533	36.6	2000	1	2.25	3.208	0.0383	35	4	6
Pinus edulis	28.26	1.53740644281391	36.2	2000	1.15	2.25	3.039	0.0411	35	4	6
Pinus edulis	29.36	1.4796364834282	36.8	2000	0.93	1.4	4.165	0.0618	35	4	6
Pinus edulis	27.84	1.38473588770117	36.2	2000	1	2.25	3.677	0.0365	35	4	6
Pinus edulis	30.89	1.75438805894899	35.8	2000	1.15	2.25	3.323	0.0442	35	4	6
Pinus edulis	31.67	1.2466705671305	37.3	2000	0.93	1.4	3.022	0.0274	35	4	6
Pinus edulis	34.14	1.5206890109096	36.8	2000	1	2.25	2.656	0.0335	35	4	6
Pinus edulis	34.52	1.82503747449034	36.5	2000	1.15	2.25	2.468	0.0396	35	4	6
Pinus edulis	34.88	1.32531308321156	37.5	2000	0.93	1.4	2.331	0.0304	35	4	6
Pinus edulis	34.86	1.38913652067225	37.1	2000	1	2.25	2.184	0.0257	35	4	6
Pinus edulis	35.86	1.72532125262498	36.9	2000	1.15	2.25	1.752	0.0322	35	4	6
Pinus edulis	36.33	1.23921550575003	37.7	2000	0.93	1.4	1.795	0.0252	35	4	6
Pinus edulis	36.83	1.23674229612421	37.6	2000	1	2.25	1.501	0.0163	35	4	6
Pinus edulis	36.97	1.684363921568	37.2	2000	1.15	2.25	1.363	0.0276	35	4	6
Pinus edulis	37.02	1.3014480493731	37.8	2000	0.93	1.4	1.575	0.0266	35	4	6
Pinus edulis	33.93	1.24838980194456	37.1	2000	1	2.25	2.217	0.0223	35	4	6
Pinus edulis	35.85	1.58208412382383	36.6	2000	1.15	2.25	2.294	0.0265	35	4	6
Pinus edulis	35.67	1.15407866887579	38	2000	0.93	1.4	1.449	0.0194	35	4	6
Pinus edulis	16.38	1.18283113099656	36.9	2000	1.5	2.25	4.036	0.0255	35	4	6
Pinus edulis	16.89	1.30419975613119	35.7	2000	1.2	2.8	4.115	0.0395	35	4	6
Pinus edulis	18.1	1.47693460947718	34.2	2000	0.9	2.4	5.526	0.0695	35	4	6
Pinus edulis	19.88	1.36089203532823	36.4	2000	1.5	2.25	4.869	0.0457	35	4	6
Pinus edulis	21.01	1.47845195230688	35.6	2000	1.2	2.8	4.11	0.0475	35	4	6
Pinus edulis	22.62	1.84541980251861	33.4	2000	0.9	2.4	6.358	0.1022	35	4	6
Pinus edulis	25.54	1.42100328569842	36.6	2000	1.5	2.25	4.557	0.0416	35	4	6
Pinus edulis	24.74	1.62894627348741	35.2	2000	1.2	2.8	4.934	0.0558	35	4	6
Pinus edulis	25.97	2.10537334418131	33.6	2000	0.9	2.4	5.991	0.1041	35	4	6
Pinus edulis	29.6	1.35654587141507	37.3	2000	1.5	2.25	3.282	0.0271	35	4	6
Pinus edulis	30.65	1.6237007008489	36.5	2000	1.2	2.8	3.086	0.0321	35	4	6
Pinus edulis	31.08	2.1029464316148	34.7	2000	0.9	2.4	4.41	0.0576	35	4	6
Pinus edulis	29.71	1.21285869541287	37.4	2000	1.5	2.25	3.075	0.0237	35	4	6
Pinus edulis	33.16	1.43530170275502	37.3	2000	1.2	2.8	1.939	0.021	35	4	6
Pinus edulis	31.33	1.70753789764129	36.1	2000	0.9	2.4	3.252	0.0348	35	4	6
Pinus edulis	14.31	1.3009960821659	35.3	2000	1	2	4.523	0.0868	35	4	6
Pinus edulis	17.94	1.46614813329529	35.3	2000	1.1	2.3	4.872	0.0783	35	4	6
Pinus edulis	19.37	1.65855752253717	34.3	2000	0.8	2.5	7.905	0.1429	35	4	6
Pinus edulis	22.07	1.61514591800086	35.1	2000	1	2	5.024	0.0554	35	4	6
Pinus edulis	23.3	1.68072745512547	35.8	2000	1.1	2.3	4.064	0.0589	35	4	6
Pinus edulis	24.88	1.99510240823647	34.7	2000	0.8	2.5	7.047	0.1135	35	4	6
Pinus edulis	27.22	1.90149851326356	35.2	2000	1	2	4.49	0.0636	35	4	6
Pinus edulis	27.13	1.86250495830935	35.4	2000	1.1	2.3	4.296	0.0657	35	4	6
Pinus edulis	28.41	2.08098342846674	35.1	2000	0.8	2.5	5.692	0.0966	35	4	6
Pinus edulis	27.94	2.00662171755379	34.8	2000	1	2	4.897	0.0754	35	4	6
Pinus edulis	28.99	1.88323224135665	35.8	2000	1.1	2.3	3.924	0.0553	35	4	6
Pinus edulis	28.82	1.94406848491348	35.7	2000	0.8	2.5	5.027	0.0761	35	4	6
Pinus edulis	31.41	2.34837610302056	35.8	2000	1	2	3.401	0.08	35	4	6
Pinus edulis	30.39	1.8587664934372	36.7	2000	1.1	2.3	3.003	0.0469	35	4	6
Pinus edulis	29.3	1.88551575293827	36.1	2000	0.8	2.5	4.508	0.0759	35	4	6
Pinus edulis	29.51	1.75512465299889	36.4	2000	1	2	3.057	0.0509	35	4	6
Pinus edulis	29.03	1.57249601462135	37.1	2000	1.1	2.3	2.11	0.0412	35	4	6
Pinus edulis	29.11	1.70107952813021	36.4	2000	0.8	2.5	4.343	0.0596	35	4	6
Pinus edulis	26.15	1.52125028449463	36.6	2000	1	2	2.893	0.0484	35	4	6
Pinus edulis	26.21	1.23328332070277	38.9	2000	1.1	2.3	0.251	0.022	35	4	6
Pinus edulis	26.17	1.41525717044834	37.8	2000	0.8	2.5	2.422	0.0455	35	4	6
Pinus edulis	16.85	0.449323340009586	38.2	2000	2.4	2.4	1.31	0.006	35	4	6
Pinus edulis	22.01	0.445456513848314	38.9	2000	2.03	2.7	0.494	0.003	35	4	6
Pinus edulis	20.81	0.628047546148655	37.5	2000	1.8	2	2.304	0.017	35	4	6
Pinus edulis	21.01	0.46845195230688	38.8	2000	2.4	2.4	0.811	0.005	35	4	6
Pinus edulis	23.8	0.498187766570709	38.6	2000	2.03	2.7	0.909	0.005	35	4	6
Pinus edulis	24.1	0.631776251136076	38	2000	1.8	2	1.924	0.013	35	4	6
Pinus edulis	26.62	0.376509424970346	39.5	2000	2.4	2.4	0.244	0.002	35	4	6
Pinus edulis	29.38	0.364352841400476	39.3	2000	2.03	2.7	0.283	0.002	35	4	6
Pinus edulis	29.1	0.458752501699781	39	2000	1.8	2	0.732	0.006	35	4	6
Pinus edulis	31.94	0.388522705024695	39.7	2000	1.8	2	0.149	0.003	35	4	6
Pinus edulis	33.89	0.296594780727619	39.7	2000	1.8	2	0.019	0.002	35	4	6
Pinus edulis	33.88	0.323649587663417	39.7	2000	1.8	2	0.073	0.003	35	4	6
Pinus edulis	29.7	0.520460634855345	38.7	2000	1.8	2	0.98	0.01	35	4	6
Pinus edulis	16.59	0.717889674581587	36.7	2000	1.85	2.8	3.809	0.037	35	4	6
Pinus edulis	19.06	0.615559887395122	38.1	2000	1.2	2.2	3.133	0.024	35	4	6
Pinus edulis	20.42	0.889691611109943	36.8	2000	1.08	2.1	5.31	0.048	35	4	6
Pinus edulis	21.27	0.848468728417066	37	2000	1.85	2.8	3.584	0.035	35	4	6
Pinus edulis	22.84	0.742272847686383	38.3	2000	1.2	2.2	2.812	0.026	35	4	6
Pinus edulis	23.93	0.921306065471547	37.4	2000	1.08	2.1	4.014	0.044	35	4	6
Pinus edulis	23.4	0.888036043426182	36.9	2000	1.85	2.8	3.975	0.037	35	4	6
Pinus edulis	24.44	0.653535417915764	38.3	2000	1.2	2.2	2.936	0.022	35	4	6
Pinus edulis	24.7	0.891508024740643	37.5	2000	1.08	2.1	4.003	0.043	35	4	6
Pinus edulis	29.44	1.01853031444227	37.4	2000	1.85	2.8	3.197	0.032	35	4	6
Pinus edulis	28	0.57980659417326	38.6	2000	1.2	2.2	2.494	0.018	35	4	6
Pinus edulis	27.87	0.861289981617404	37.8	2000	1.08	2.1	3.795	0.037	35	4	6
Pinus edulis	31.12	0.8432275283774	37.9	2000	1.85	2.8	2.852	0.025	35	4	6
Pinus edulis	30.65	0.513700700848899	39	2000	1.2	2.2	2.228	0.017	35	4	6
Pinus edulis	31.71	0.647255229249191	38.9	2000	1.08	2.1	2.019	0.019	35	4	6
Pinus edulis	30.16	0.702020192813049	38.2	2000	1.85	2.8	2.368	0.021	35	4	6
Pinus edulis	31.29	0.427149599573532	39.1	2000	1.2	2.2	2.065	0.014	35	4	6
Pinus edulis	31.27	0.711963136848948	38.6	2000	1.08	2.1	2.734	0.027	35	4	6
Pinus edulis	30.62	0.676165438131471	38.4	2000	1.85	2.8	2.08	0.019	35	4	6
Pinus edulis	28.8	0.449482976222987	38.9	2000	1.2	2.2	2.291	0.016	35	4	6
Pinus edulis	28.42	0.573230957403545	38.7	2000	1.08	2.1	2.243	0.021	35	4	6
Pinus edulis	15.05	0.510787533894422	38.4	2000	2.1	3.3	2.083	0.014	35	4	6
Pinus edulis	16.6	0.559090269353131	39.3	2000	2.7	2.8	1.407	0.01	35	4	6
Pinus edulis	17.36	0.662315829263727	38.6	2000	1.4	2.5	2.607	0.021	35	4	6
Pinus edulis	24.53	0.96006779094711	39.6	2000	2.1	3.3	0.612	0.004	35	4	6
Pinus edulis	27.38	1.1554808419327	39.4	2000	1.4	2.5	1.351	0.009	35	4	6
Pinus edulis	14.58	0.629722533380267	37.3	2000	1.45	2.5	2.519	0.019	35	4	6
Pinus edulis	16.2	0.741584827695776	36.5	2000	1.33	2.2	2.615	0.022	35	4	6
Pinus edulis	16.5	0.697114367959208	37.3	2000	0.98	1.8	3.262	0.032	35	4	6
Pinus edulis	18.52	0.672376740803813	37.3	2000	1.45	2.5	2.654	0.021	35	4	6
Pinus edulis	19.95	0.73097741803228	37.1	2000	1.33	2.2	2.01	0.019	35	4	6
Pinus edulis	20.24	0.723169135154097	37.1	2000	0.98	1.8	3.722	0.031	35	4	6
Pinus edulis	23.7	0.770511415047606	37.4	2000	1.45	2.5	2.817	0.024	35	4	6
Pinus edulis	23.29	0.689001603854828	38	2000	1.33	2.2	1.168	0.013	35	4	6
Pinus edulis	23.95	0.854876729019612	36.7	2000	0.98	1.8	4.537	0.043	35	4	6
Pinus edulis	25.41	0.785862895255042	37.1	2000	1.45	2.5	2.981	0.025	35	4	6
Pinus edulis	24.04	0.650991085765398	37.7	2000	1.33	2.2	1.553	0.009	35	4	6
Pinus edulis	24.09	0.839976370908951	36.9	2000	0.98	1.8	4.336	0.041	35	4	6
Pinus edulis	26.79	0.801534408192494	37.4	2000	1.45	2.5	2.736	0.023	35	4	6
Pinus edulis	25.82	0.855729031749555	37.4	2000	1.33	2.2	1.769	0.019	35	4	6
Pinus edulis	26.4	0.891633738181477	37.3	2000	0.98	1.8	3.78	0.036	35	4	6
Pinus edulis	26.34	0.869482605942955	37.2	2000	1.45	2.5	2.898	0.023	35	4	6
Pinus edulis	26.6	1.06240885992714	37.1	2000	1.33	2.2	1.994	0.026	35	4	6
Pinus edulis	27.02	0.919408808031808	37.3	2000	0.98	1.8	3.476	0.034	35	4	6
Pinus edulis	16.41	0.666392983015441	37.7	2000	2.3	2.3	2.101	0.015	35	4	6
Pinus edulis	16.62	0.661493465774331	37.6	2000	2	2.2	1.786	0.013	35	4	6
Pinus edulis	17.84	0.743249271736449	36.8	2000	2.35	2.35	2.47	0.021	35	4	6
Pinus edulis	19.65	0.608022512822661	37.8	2000	2.3	2.3	2.219	0.015	35	4	6
Pinus edulis	20.79	0.615025039999784	38	2000	2	2.2	1.448	0.01	35	4	6
Pinus edulis	21.64	0.716384809261034	37.7	2000	2.35	2.35	1.518	0.015	35	4	6
Pinus edulis	24.23	0.525260570743054	38.6	2000	2.3	2.3	0.698	0.005	35	4	6
Pinus edulis	26.88	0.550200831766898	38.6	2000	2	2.2	0.763	0.006	35	4	6
Pinus edulis	26.71	0.595014068235916	38.5	2000	2.35	2.35	0.613	0.007	35	4	6
Pinus edulis	28.39	0.506491775556325	38.8	2000	2.3	2.3	0.536	0.005	35	4	6
Pinus edulis	30.12	0.522217430629528	38.8	2000	2	2.2	0.592	0.005	35	4	6
Pinus edulis	30.17	0.544473936933018	39	2000	2.35	2.35	0.198	0.005	35	4	6
Pinus edulis	32.99	0.427162376539999	39.1	2000	2	2.2	0.084	0.002	35	4	6
Pinus edulis	32.4	0.433151954071273	39.2	2000	2	2.2	0.103	0.004	35	4	6
Pinus edulis	25.29	1.1428060637648	37.9	2000	2.3	2.3	0.777	0.005	35	4	6
Pinus edulis	28.7	1.1066245981199	38.6	2000	2.05	2.05	0.259	0.005	35	4	6
Pinus edulis	28.59	1.17161309444536	38.3	2000	1.75	2.2	0.81	0.009	35	4	6
Pinus edulis	34.35	1.08362271906535	38.4	2000	2.3	2.3	0.332	0.002	35	4	6
Pinus edulis	33.82	1.0760083077878	38.7	2000	2.05	2.05	0.27	0.003	35	4	6
Pinus edulis	33.72	1.15671973713443	38.7	2000	1.75	2.2	0.244	0.006	35	4	6
Pinus edulis	34.16	1.1066552761789	38.4	2000	2.3	2.3	0.629	0.005	35	4	6
Pinus edulis	35.2	1.00494763942328	38.8	2000	2.05	2.05	0.059	0.004	35	4	6
Pinus edulis	34.79	1.16756517258344	38.4	2000	1.75	2.2	0.724	0.008	35	4	6
Pinus edulis	36.21	0.989596154876489	38.9	2000	2.05	2.05	0.113	0.003	35	4	6
Pinus edulis	37.71	1.08136322118752	38.7	2000	1.75	2.2	0.473	0.008	35	4	6
Pinus edulis	43.38	0.732012040265014	38.4	2000	2.3	2.3	0.017	0.002	35	4	6
Pinus edulis	43.5	0.787168129755766	38.5	2000	2.05	2.05	0.202	0.004	35	4	6
Pinus edulis	43	1.02929984218932	38.7	2000	1.75	2.2	0.223	0.009	35	4	6
Pinus edulis	23.85	1.43706077791697	36.7	2000	1.75	2.4	3.505	0.036	35	4	6
Pinus edulis	27.83	1.39255340626788	37.9	2000	1.5	2.1	1.748	0.018	35	4	6
Pinus edulis	27.89	1.46566492363665	37.6	2000	0.95	2.2	3.507	0.039	35	4	6
Pinus edulis	29.45	1.63089737338313	36.9	2000	1.75	2.4	3.505	0.036	35	4	6
Pinus edulis	30.77	1.43395413569616	38.1	2000	1.5	2.1	1.855	0.018	35	4	6
Pinus edulis	30.53	1.48362685634482	38	2000	0.95	2.2	3.084	0.033	35	4	6
Pinus edulis	33.38	1.64819327325552	37.5	2000	1.75	2.4	2.79	0.028	35	4	6
Pinus edulis	35.08	1.36740557783808	39	2000	1.5	2.1	0.697	0.011	35	4	6
Pinus edulis	35.33	1.5358621997918	38.3	2000	0.95	2.2	2.3	0.026	35	4	6
Pinus edulis	36.5	1.6757302468794	37.9	2000	1.75	2.4	2.099	0.024	35	4	6
Pinus edulis	39.36	1.41748433876675	38.9	2000	1.5	2.1	0.718	0.012	35	4	6
Pinus edulis	39.38	1.61512031800499	38.5	2000	0.95	2.2	2	0.027	35	4	6
Pinus edulis	38.53	1.49676131949243	38.3	2000	1.75	2.4	1.55	0.018	35	4	6
Pinus edulis	41.91	1.44000158177012	38.7	2000	1.5	2.1	0.83	0.014	35	4	6
Pinus edulis	41.98	1.65007665274809	38.5	2000	0.95	2.2	1.541	0.028	35	4	6
Pinus edulis	37.1	1.39886659313318	38.1	2000	1.75	2.4	1.873	0.019	35	4	6
Pinus edulis	38.4	1.49917163149266	38.6	2000	1.5	2.1	1.093	0.014	35	4	6
Pinus edulis	38.05	1.5924719969036	38.3	2000	0.95	2.2	2.482	0.027	35	4	6
Pinus edulis	22.74	1.23546826835722	38	2000	1.1	2.3	5.772	0.084	35	4	6
Pinus edulis	24.73	1.64708525896503	37.5	2000	0.9	2.2	4.412	0.065	35	4	6
Pinus edulis	25.22	1.84942229670752	36.6	2000	0.68	1.9	5.194	0.077	35	4	6
Pinus edulis	26.65	1.76266815975432	37.8	2000	1.1	2.3	5.985	0.087	35	4	6
Pinus edulis	28.77	1.94261336738765	37.9	2000	0.9	2.2	3.203	0.04	35	4	6
Pinus edulis	29.69	2.47806377293458	36.3	2000	0.68	1.9	5.648	0.085	35	4	6
Pinus edulis	30.32	1.93142707907156	38	2000	1.1	2.3	4.501	0.064	35	4	6
Pinus edulis	32.16	1.94777745865372	38.6	2000	0.9	2.2	1.232	0.014	35	4	6
Pinus edulis	32.93	2.56026692200305	36.7	2000	0.68	1.9	4.768	0.066	35	4	6
Pinus edulis	33.43	1.96258077180645	38.5	2000	1.1	2.3	3.114	0.031	35	4	6
Pinus edulis	34.52	1.98503747449034	38.7	2000	0.9	2.2	1.075	0.012	35	4	6
Pinus edulis	34.85	2.49605046122002	37.2	2000	0.68	1.9	3.584	0.048	35	4	6
Pinus edulis	34.63	1.7585306508604	38.3	2000	1.1	2.3	3.397	0.031	35	4	6
Pinus edulis	37.05	1.76171788396405	38.6	2000	0.9	2.2	0.731	0.009	35	4	6
Pinus edulis	36.8	2.38657856100505	37.1	2000	0.68	1.9	3.762	0.045	35	4	6
Pinus edulis	37.43	1.8230667063173	38.4	2000	1.1	2.3	2.611	0.03	35	4	6
Pinus edulis	39.11	1.72262934298332	38.8	2000	0.9	2.2	0.715	0.009	35	4	6
Pinus edulis	39.12	2.23640246689292	37.5	2000	0.68	1.9	2.758	0.036	35	4	6
Pinus edulis	34.86	1.38913652067225	38.5	2000	1.1	2.3	2.39	0.023	35	4	6
Pinus edulis	34.42	1.3047425522815	38.8	2000	0.9	2.2	0.758	0.008	35	4	6
Pinus edulis	34.75	1.88527119201845	37.3	2000	0.68	1.9	3.432	0.042	35	4	6
Pinus edulis	22.61	1.71375484012848	36.8	2000	1.3	2.2	4.973	0.067	35	4	6
Pinus edulis	25.99	1.83934326619604	37.6	2000	1	1.3	3.378	0.051	35	4	6
Pinus edulis	26.9	2.10436061066919	36	2000	1.15	2.2	5.601	0.08	35	4	6
Pinus edulis	29.43	2.03616444112239	36.9	2000	1.3	2.2	4.456	0.063	35	4	6
Pinus edulis	32.07	2.11345955160962	37	2000	1	1.3	3.097	0.042	35	4	6
Pinus edulis	32.91	2.31464606894482	36.3	2000	1.15	2.2	3.876	0.052	35	4	6
Pinus edulis	34.03	2.17797729943605	36.3	2000	1.3	2.2	3.85	0.054	35	4	6
Pinus edulis	36.58	2.17248331774664	36.9	2000	1	1.3	2.157	0.034	35	4	6
Pinus edulis	37.21	2.19673630768524	36.7	2000	1.15	2.2	2.573	0.034	35	4	6
Pinus edulis	37.92	2.17593778186701	36.8	2000	1.3	2.2	3.013	0.043	35	4	6
Pinus edulis	36.46	1.92239167197013	37	2000	1	1.3	1.907	0.027	35	4	6
Pinus edulis	38.27	2.34186974900417	36.4	2000	1.15	2.2	2.484	0.039	35	4	6
Pinus edulis	36.9	1.87051376224211	37.2	2000	1.3	2.2	2.541	0.03	35	4	6
Pinus edulis	34.56	1.82719631698577	37	2000	1	1.3	2.029	0.027	35	4	6
Pinus edulis	34.54	2.07111397149885	36.1	2000	1.15	2.2	3.198	0.04	35	4	6
Pinus edulis	32.87	1.85342078371446	36.4	2000	1.3	2.2	3.697	0.046	35	4	6
Pinus edulis	32.82	1.8394199203464	36.8	2000	1	1.3	2.422	0.032	35	4	6
Pinus edulis	32.93	2.02026692200305	35.9	2000	1.15	2.2	3.665	0.045	35	4	6
Pinus edulis	32.24	1.74948362897952	36.9	2000	1.3	2.2	3.016	0.037	35	4	6
Pinus edulis	32.38	1.73767469173523	36.8	2000	1	1.3	2.371	0.032	35	4	6
Pinus edulis	32.35	1.9694688427809	35.9	2000	1.15	2.2	3.495	0.045	35	4	6
Pinus edulis	16.2	1.03158482769578	37.5	2000	1.9	2.2	1.688	0.012	35	4	6
Pinus edulis	19.8	1.05941262774064	37.4	2000	1.9	2.1	2.223	0.015	35	4	6
Pinus edulis	21.99	1.17223358303192	36.4	2000	1.45	2.3	4.225	0.034	35	4	6
Pinus edulis	22.32	0.725852878565263	38.6	2000	1.9	2.2	1.56	0.009	35	4	6
Pinus edulis	22.21	0.887875159686862	38.3	2000	1.9	2.1	1.769	0.012	35	4	6
Pinus edulis	22.77	1.00050031220541	37.6	2000	1.45	2.3	3.309	0.023	35	4	6
Pinus edulis	24.51	1.06638722081201	38.5	2000	1.9	2.2	1.515	0.009	35	4	6
Pinus edulis	24.16	1.10259532979299	38.4	2000	1.9	2.1	1.564	0.01	35	4	6
Pinus edulis	25.19	1.23370124770617	37.8	2000	1.45	2.3	2.832	0.02	35	4	6
Pinus edulis	28.64	1.1729647632816	38.7	2000	1.9	2.2	1.133	0.006	35	4	6
Pinus edulis	31.75	1.47786074088136	38.9	2000	1.9	2.1	0.417	0.004	35	4	6
Pinus edulis	32.26	1.53492347857781	38.5	2000	1.45	2.3	0.979	0.007	35	4	6
Pinus edulis	28.95	1.11398708180523	38.8	2000	1.9	2.2	0.734	0.004	35	4	6
Pinus edulis	30.26	1.24661270559894	38.8	2000	1.9	2.1	0.654	0.004	35	4	6
Pinus edulis	31.84	1.37179955124744	38.6	2000	1.45	2.3	0.833	0.007	35	4	6
Pinus edulis	31.39	1.00315883990554	38.9	2000	1.9	2.1	0.226	0.003	35	4	6
Pinus edulis	31.14	0.988375704970472	38.6	2000	1.45	2.3	0.81	0.005	35	4	6
Pinus edulis	18.94	1.48910979480064	37.2	2000	0.9	1.2	6.191	0.154	35	4	6
Pinus edulis	19.93	1.45809197703404	36.4	2000	1.15	1.8	6.469	0.139	35	4	6
Pinus edulis	20.45	1.46413712457414	35.8	2000	0.9	1.6	5.683	0.08	35	4	6
Pinus edulis	17.55	1.14624232116317	36.7	2000	0.9	1.2	6.173	0.07	35	4	6
Pinus edulis	20.68	1.18845925239511	37	2000	1.15	1.8	5.165	0.057	35	4	6
Pinus edulis	22.27	1.17766816430678	37.6	2000	0.9	1.6	2.736	0.03	35	4	6
Pinus edulis	20.83	1.20107330422377	36.7	2000	0.9	1.2	6.724	0.071	35	4	6
Pinus edulis	22	1.05384461947999	37.4	2000	1.15	1.8	3.939	0.037	35	4	6
Pinus edulis	22.4	1.08899369917796	37.7	2000	0.9	1.6	2.018	0.022	35	4	6
Pinus edulis	24.55	1.14375220124274	37	2000	0.9	1.2	6.622	0.072	35	4	6
Pinus edulis	25.58	1.12877286172052	37.1	2000	1.15	1.8	5.25	0.055	35	4	6
Pinus edulis	26.44	1.19975531782639	37.1	2000	0.9	1.6	3.668	0.042	35	4	6
Pinus edulis	22.93	1.04747312267382	37	2000	0.9	1.2	6.329	0.071	35	4	6
Pinus edulis	22.32	1.04585287856526	36.8	2000	1.15	1.8	5.654	0.065	35	4	6
Pinus edulis	21.71	0.987471315912528	37.2	2000	0.9	1.6	3.419	0.04	35	4	6

