Species	Tleaf	VPA	CO2	PAR	Psoil	Pleaf	A	Gs	Vcmax	WeibullB	WeibullC
Juniperus monosperma	16.76	0.61839096511694	38.2	2000	4.6	5.3	1.785	0.014	40	8.8	3
Juniperus monosperma	17.24	0.727333442616648	37.2	2000	4.3	4.7	3.611	0.03	40	8.8	3
Juniperus monosperma	18.6	0.673082739193765	37.9	2000	4.3	5.3	2.375	0.016	40	8.8	3
Juniperus monosperma	19.5	0.666805874389064	38.4	2000	4.6	5.3	1.471	0.012	40	8.8	3
Juniperus monosperma	20.76	0.830497371673553	37.2	2000	4.3	4.7	3.829	0.031	40	8.8	3
Juniperus monosperma	20.51	0.683049754972063	38.2	2000	4.3	5.3	1.695	0.011	40	8.8	3
Juniperus monosperma	21.53	0.659046673817461	38.7	2000	4.6	5.3	0.84	0.006	40	8.8	3
Juniperus monosperma	22.24	0.792767759511663	37.7	2000	4.3	4.7	2.876	0.021	40	8.8	3
Juniperus monosperma	23.78	0.734645072346137	38.3	2000	4.3	5.3	1.841	0.013	40	8.8	3
Juniperus monosperma	26.81	0.615675076149063	38.8	2000	4.6	5.3	0.545	0.006	40	8.8	3
Juniperus monosperma	27.59	0.710505012151476	38.3	2000	4.3	4.7	1.619	0.013	40	8.8	3
Juniperus monosperma	28.85	0.600955411912361	38.7	2000	4.3	5.3	0.901	0.007	40	8.8	3
Juniperus monosperma	28.31	0.408570492845335	38.8	2000	4.6	5.3	0.367	0.004	40	8.8	3
Juniperus monosperma	28.6	0.45388113858493	38.8	2000	4.3	4.7	0.933	0.007	40	8.8	3
Juniperus monosperma	29.53	0.389876587125134	39	2000	4.3	5.3	0.563	0.005	40	8.8	3
Juniperus monosperma	28.24	0.342948721747965	39.2	2000	4.6	5.3	0.118	0.003	40	8.8	3
Juniperus monosperma	29.1	0.398752501699781	39	2000	4.3	4.7	0.676	0.006	40	8.8	3
Juniperus monosperma	30.61	0.333656175779054	39.2	2000	4.3	5.3	0.286	0.003	40	8.8	3
Juniperus monosperma	22.74	1.87546826835722	35.9	2000	1	1.7	7.347	0.1256	40	8.8	3
Juniperus monosperma	23.58	1.99942192710218	35.3	2000	1.05	2.45	8.862	0.1568	40	8.8	3
Juniperus monosperma	25.87	2.00558500315251	35.9	2000	0.95	2.2	5.546	0.0923	40	8.8	3
Juniperus monosperma	25.55	2.11294417350342	35.4	2000	1	1.7	7.218	0.1433	40	8.8	3
Juniperus monosperma	27.65	2.32345766282505	34.8	2000	1.05	2.45	8.388	0.1561	40	8.8	3
Juniperus monosperma	27.9	2.19785405988806	35.3	2000	0.95	2.2	6.483	0.0964	40	8.8	3
Juniperus monosperma	28.77	2.28261336738765	35.6	2000	1	1.7	6.186	0.1168	40	8.8	3
Juniperus monosperma	30.41	2.48373170763627	35	2000	1.05	2.45	7.692	0.1358	40	8.8	3
Juniperus monosperma	34.49	2.59593368459754	36	2000	0.95	2.2	4.546	0.0868	40	8.8	3
Juniperus monosperma	36.33	2.42921550575003	36.8	2000	1	1.7	3.347	0.0714	40	8.8	3
Juniperus monosperma	36.77	2.68642922293695	35.7	2000	1.05	2.45	5.464	0.0932	40	8.8	3
Juniperus monosperma	35.83	2.40561448763836	36.3	2000	0.95	2.2	3.887	0.0691	40	8.8	3
Juniperus monosperma	34	2.18908603631011	36.5	2000	1	1.7	4.375	0.0701	40	8.8	3
Juniperus monosperma	33.7	2.29087901607572	36.1	2000	1.05	2.45	5.465	0.0892	40	8.8	3
Juniperus monosperma	31.01	2.00500337219389	36.2	2000	0.95	2.2	4.385	0.064	40	8.8	3
Juniperus monosperma	33.3	2.04524579658784	36.6	2000	1	1.7	3.824	0.0619	40	8.8	3
Juniperus monosperma	32.26	2.18492347857781	35.7	2000	1.05	2.45	6.088	0.089	40	8.8	3
Juniperus monosperma	30.9	1.85693239450233	36.5	2000	0.95	2.2	4.177	0.0529	40	8.8	3
Juniperus monosperma	17.7	1.28530990094764	36.1	2000	2.83	3.75	5.744	0.0391	40	8.8	3
Juniperus monosperma	19.27	1.40460789994987	35.9	2000	2.53	3.65	6.587	0.0459	40	8.8	3
Juniperus monosperma	21.67	1.44113109690353	37.6	2000	3.02	3.7	5.263	0.0464	40	8.8	3
Juniperus monosperma	21.84	1.58817072478816	36	2000	2.83	3.75	6.178	0.0586	40	8.8	3
Juniperus monosperma	22.85	1.61395819855815	36.2	2000	2.53	3.65	6.347	0.0542	40	8.8	3
Juniperus monosperma	25.38	1.6000852472448	37.5	2000	3.02	3.7	5.048	0.0429	40	8.8	3
Juniperus monosperma	25.65	1.74240833505352	36	2000	2.83	3.75	5.433	0.0532	40	8.8	3
Juniperus monosperma	26.55	1.80217582439582	35.9	2000	2.53	3.65	6.47	0.0646	40	8.8	3
Juniperus monosperma	28.75	1.49803939194084	37.2	2000	3.02	3.7	5.072	0.0453	40	8.8	3
Juniperus monosperma	28.32	1.40080669195133	37	2000	2.83	3.75	4.071	0.0349	40	8.8	3
Juniperus monosperma	29.65	1.5984883015681	35.9	2000	2.53	3.65	6.024	0.051	40	8.8	3
Juniperus monosperma	31.07	1.22037933277504	38	2000	3.02	3.7	3.358	0.0274	40	8.8	3
Juniperus monosperma	29.53	1.20987658712513	37.6	2000	2.83	3.75	3.169	0.0271	40	8.8	3
Juniperus monosperma	30.77	1.44395413569616	37	2000	2.53	3.65	4.545	0.0392	40	8.8	3
Juniperus monosperma	32.32	1.08127503412771	38.2	2000	3.02	3.7	3.011	0.024	40	8.8	3
Juniperus monosperma	31.88	1.20247306147948	37.7	2000	2.83	3.75	2.707	0.023	40	8.8	3
Juniperus monosperma	32.23	1.30676570214323	37.6	2000	2.53	3.65	3.135	0.0279	40	8.8	3
Juniperus monosperma	32.47	1.02236462852176	38.4	2000	3.02	3.7	2.64	0.0216	40	8.8	3
Juniperus monosperma	32.6	1.10822022498333	38	2000	2.83	3.75	2.35	0.0196	40	8.8	3
Juniperus monosperma	32.69	1.24317706267594	37.6	2000	2.53	3.65	3.169	0.0281	40	8.8	3
Juniperus monosperma	32.34	0.956736236149276	38.4	2000	3.02	3.7	2.668	0.0195	40	8.8	3
Juniperus monosperma	25.74	1.14001227088861	38.7	2000	7	7	0.03	0.002	40	8.8	3
Juniperus monosperma	27.92	1.14223566524154	38.7	2000	5.25	5.7	0.138	0.003	40	8.8	3
Juniperus monosperma	28.66	1.12751345130428	38.4	2000	6.2	6.2	0.053	0.002	40	8.8	3
Juniperus monosperma	33.33	1.10384065472694	38.6	2000	5.25	5.7	0.017	0.002	40	8.8	3
Juniperus monosperma	36.52	1.06240901696951	38.1	2000	5.25	5.7	0.051	0.002	40	8.8	3
Juniperus monosperma	40.89	0.792464047082973	38.4	2000	6.2	6.2	0.033	0.002	40	8.8	3
Juniperus monosperma	22.44	0.865585060071	36.8	2000	1.3	2.2	5.51	0.062	40	8.8	3
Juniperus monosperma	22.96	1.01255596586077	36	2000	1.7	2.9	6.58	0.0756	40	8.8	3
Juniperus monosperma	24.47	0.669037587530667	37.8	2000	1.1	2.3	4.446	0.0398	40	8.8	3
Juniperus monosperma	24.99	0.985787646703336	36.6	2000	1.3	2.2	5.623	0.0653	40	8.8	3
Juniperus monosperma	25.8	1.08179375616339	36	2000	1.7	2.9	6.503	0.0665	40	8.8	3
Juniperus monosperma	26.83	0.719819984587867	38	2000	1.1	2.3	4.019	0.0365	40	8.8	3
Juniperus monosperma	27.02	0.999408808031808	36.9	2000	1.3	2.2	5.314	0.0572	40	8.8	3
Juniperus monosperma	29	1.17554643840943	36.4	2000	1.7	2.9	5.607	0.0597	40	8.8	3
Juniperus monosperma	31.28	0.884555728126851	37.8	2000	1.1	2.3	3.849	0.0404	40	8.8	3
Juniperus monosperma	29.93	1.10592030229904	37.4	2000	1.3	2.2	3.274	0.0447	40	8.8	3
Juniperus monosperma	31.4	1.46576682819579	36.2	2000	1.7	2.9	5	0.0621	40	8.8	3
Juniperus monosperma	33.84	0.961883047101673	38	2000	1.1	2.3	2.947	0.0329	40	8.8	3
Juniperus monosperma	31.54	1.19241399249684	37.4	2000	1.3	2.2	3.367	0.0439	40	8.8	3
Juniperus monosperma	33.19	1.54383828285358	36.6	2000	1.7	2.9	4.381	0.0573	40	8.8	3
Juniperus monosperma	33.2	0.966686577746406	38	2000	1.1	2.3	3.043	0.0313	40	8.8	3
Juniperus monosperma	31.15	1.16095170216356	37.4	2000	1.3	2.2	3.135	0.0372	40	8.8	3
Juniperus monosperma	31.02	1.2975628643872	36.6	2000	1.7	2.9	4.497	0.0472	40	8.8	3
Juniperus monosperma	30.8	0.87154566056342	38.2	2000	1.1	2.3	2.532	0.0218	40	8.8	3
Juniperus monosperma	30.51	1.1386319462368	37.5	2000	1.3	2.2	3.072	0.0392	40	8.8	3
Juniperus monosperma	30.31	1.22895494449706	37.2	2000	1.7	2.9	3.454	0.0431	40	8.8	3
Juniperus monosperma	32.29	0.913093250985361	38.2	2000	1.1	2.3	2.401	0.0251	40	8.8	3
Juniperus monosperma	16.35	0.659275236336531	36	2000	0.85	2.4	6.147	0.07	40	8.8	3
Juniperus monosperma	16.6	0.739090269353131	35.7	2000	1.7	2.5	5.354	0.07	40	8.8	3
Juniperus monosperma	16.64	0.473899340141373	37.5	2000	1.4	1.7	3.866	0.035	40	8.8	3
Juniperus monosperma	20.66	0.775457811821537	36.2	2000	0.85	2.4	5.626	0.064	40	8.8	3
Juniperus monosperma	20.63	0.900961705939975	35.7	2000	1.7	2.5	5.338	0.067	40	8.8	3
Juniperus monosperma	20.01	0.589652513063696	37.2	2000	1.4	1.7	4.986	0.048	40	8.8	3
Juniperus monosperma	24.28	0.824335586588971	36.7	2000	0.85	2.4	4.657	0.051	40	8.8	3
Juniperus monosperma	24.42	1.02987208678662	35.9	2000	1.7	2.5	4.68	0.059	40	8.8	3
Juniperus monosperma	24.63	0.568528311588343	37.7	2000	1.4	1.7	4.021	0.04	40	8.8	3
Juniperus monosperma	28.29	0.854101485172479	36.9	2000	0.85	2.4	4.263	0.043	40	8.8	3
Juniperus monosperma	28.81	1.14177515329622	36.4	2000	1.7	2.5	4.297	0.055	40	8.8	3
Juniperus monosperma	27.51	0.52329618046985	38	2000	1.4	1.7	3.218	0.032	40	8.8	3
Juniperus monosperma	30.43	0.818701860848397	37.3	2000	0.85	2.4	3.737	0.038	40	8.8	3
Juniperus monosperma	29.8	0.994495262108858	37.1	2000	1.7	2.5	3.372	0.044	40	8.8	3
Juniperus monosperma	31.1	0.528084438662923	38.4	2000	1.4	1.7	2.091	0.024	40	8.8	3
Juniperus monosperma	31.03	0.790123623041654	37.6	2000	0.85	2.4	3.255	0.035	40	8.8	3
Juniperus monosperma	30.58	1.03613585712858	37.1	2000	1.7	2.5	3.364	0.043	40	8.8	3
Juniperus monosperma	30.52	0.471128781078591	38.5	2000	1.4	1.7	1.91	0.021	40	8.8	3
Juniperus monosperma	30.48	0.611148879094756	38.2	2000	0.85	2.4	1.98	0.022	40	8.8	3
Juniperus monosperma	29.03	0.812496014621348	37.7	2000	1.7	2.5	2.058	0.029	40	8.8	3
Juniperus monosperma	28.41	0.45098342846674	38.5	2000	1.4	1.7	2.019	0.019	40	8.8	3
Juniperus monosperma	12.58	0.267066667525668	39.6	2000	5.6	5.8	1.202	0.01	40	8.8	3
Juniperus monosperma	14.3	0.389940568422609	38.7	2000	4.95	5.5	2.017	0.017	40	8.8	3
Juniperus monosperma	15.55	0.39661938267579	39	2000	5.2	5.7	1.278	0.009	40	8.8	3
Juniperus monosperma	20.3	0.741981339264257	39.8	2000	5.6	5.8	0.695	0.004	40	8.8	3
Juniperus monosperma	22.42	0.902287631133822	39.1	2000	4.95	5.5	1.35	0.009	40	8.8	3
Juniperus monosperma	24.09	0.949976370908951	39.4	2000	5.2	5.7	0.803	0.005	40	8.8	3
Juniperus monosperma	24.11	0.613577073398507	39.9	2000	5.6	5.8	0.666	0.005	40	8.8	3
Juniperus monosperma	24.81	0.68200052904751	39.3	2000	4.95	5.5	0.859	0.007	40	8.8	3
Juniperus monosperma	26.08	0.677258615910094	39.6	2000	5.2	5.7	0.443	0.003	40	8.8	3
Juniperus monosperma	14.91	1.19543455951957	36.1	2000	0.9	2.1	5.01	0.0367	40	8.8	3
Juniperus monosperma	17.21	1.28360337780894	35.5	2000	1.5	2.7	4.061	0.0319	40	8.8	3
Juniperus monosperma	19.09	1.41968926957458	35	2000	1.3	2.7	6.385	0.059	40	8.8	3
Juniperus monosperma	19.89	1.56233046386698	34.7	2000	0.9	2.1	9.4	0.1278	40	8.8	3
Juniperus monosperma	21.01	1.79845195230688	33.1	2000	1.5	2.7	6.703	0.1007	40	8.8	3
Juniperus monosperma	22.43	1.72393590828392	34.5	2000	1.3	2.7	6.835	0.0933	40	8.8	3
Juniperus monosperma	20.25	1.52463585339506	35	2000	0.9	2.1	8.7	0.128	40	8.8	3
Juniperus monosperma	20.74	1.76748298241454	33.2	2000	1.5	2.7	6.427	0.118	40	8.8	3
Juniperus monosperma	21.54	1.60061866065114	34.6	2000	1.3	2.7	6.683	0.0913	40	8.8	3
Juniperus monosperma	19.89	1.49233046386698	35.2	2000	0.9	2.1	8.227	0.1098	40	8.8	3
Juniperus monosperma	20.55	1.71900754279154	33.5	2000	1.5	2.7	6.187	0.1057	40	8.8	3
Juniperus monosperma	20.12	1.46563019918454	35.4	2000	1.3	2.7	5.439	0.0683	40	8.8	3
Juniperus monosperma	27.65	1.45345766282505	35.9	2000	0.9	2.1	5.649	0.0688	40	8.8	3
Juniperus monosperma	28.36	1.5797628013774	35.7	2000	1.5	2.7	5.647	0.0682	40	8.8	3
Juniperus monosperma	28.22	1.43849550861533	36.1	2000	1.3	2.7	6.65	0.0788	40	8.8	3
Juniperus monosperma	13.28	1.00537540809285	37.9	2000	5.05	5.3	1.271	0.019	40	8.8	3
Juniperus monosperma	15.04	1.0596868642188	37.1	2000	4.1	4.6	2.977	0.031	40	8.8	3
Juniperus monosperma	18.36	1.10110507548063	37.1	2000	4.1	4.8	3.725	0.032	40	8.8	3
Juniperus monosperma	20.05	0.97545158180545	37.9	2000	5.05	5.3	1.638	0.011	40	8.8	3
Juniperus monosperma	20.28	1.04904076453431	37.2	2000	4.1	4.6	2.683	0.02	40	8.8	3
Juniperus monosperma	21.45	1.03650098517418	37.7	2000	4.1	4.8	2.242	0.018	40	8.8	3
Juniperus monosperma	21.94	1.01419125610046	37.9	2000	5.05	5.3	1.513	0.012	40	8.8	3
Juniperus monosperma	22.71	1.1004442061478	37.3	2000	4.1	4.6	2.707	0.022	40	8.8	3
Juniperus monosperma	24.67	1.0959394956154	37.4	2000	4.1	4.8	3.119	0.024	40	8.8	3
Juniperus monosperma	28.93	1.03937147235548	38.9	2000	5.05	5.3	0.335	0.006	40	8.8	3
Juniperus monosperma	30.31	1.19895494449706	38	2000	4.1	4.6	1.979	0.015	40	8.8	3
Juniperus monosperma	30.62	1.06616543813147	38.2	2000	4.1	4.8	1.784	0.014	40	8.8	3
Juniperus monosperma	29.81	1.00690533671778	38.8	2000	5.05	5.3	0.371	0.004	40	8.8	3
Juniperus monosperma	29.65	1.0784883015681	38.5	2000	4.1	4.6	1.055	0.008	40	8.8	3
Juniperus monosperma	31.08	1.0629464316148	38.5	2000	4.1	4.8	1.152	0.009	40	8.8	3
Juniperus monosperma	27.68	0.779948818393151	38.7	2000	5.05	5.3	0.499	0.004	40	8.8	3
Juniperus monosperma	28.38	0.894247650619716	38.2	2000	4.1	4.6	1.559	0.011	40	8.8	3
Juniperus monosperma	29.14	0.768067624963109	38.7	2000	4.1	4.8	0.833	0.006	40	8.8	3
Juniperus monosperma	23.39	1.39630108143177	36.4	2000	2.8	3.4	4.457	0.0509	40	8.8	3
Juniperus monosperma	24.47	1.43903758753067	36.1	2000	2.65	3.4	5.303	0.0567	40	8.8	3
Juniperus monosperma	26.16	1.23325321207912	37.4	2000	2.1	3	4.418	0.0415	40	8.8	3
Juniperus monosperma	27.62	1.44697639830134	35.2	2000	2.8	3.4	4.139	0.0416	40	8.8	3
Juniperus monosperma	29.14	1.48806762496311	35.2	2000	2.65	3.4	4.357	0.0447	40	8.8	3
Juniperus monosperma	31.27	1.36196313684895	37.4	2000	2.1	3	4.307	0.0416	40	8.8	3
Juniperus monosperma	29.27	1.43847130628904	37	2000	2.8	3.4	3.362	0.03	40	8.8	3
Juniperus monosperma	30.92	1.56202484665267	37.2	2000	2.65	3.4	3.746	0.0367	40	8.8	3
Juniperus monosperma	34.24	1.510577980834	37.5	2000	2.1	3	3.646	0.0399	40	8.8	3
Juniperus monosperma	35.55	1.14568392985665	38.4	2000	2.8	3.4	1.044	0.0107	40	8.8	3
Juniperus monosperma	35.61	1.49485383057066	37.5	2000	2.65	3.4	2.662	0.0286	40	8.8	3
Juniperus monosperma	36.95	1.40754154776698	37.9	2000	2.1	3	2.965	0.032	40	8.8	3
Juniperus monosperma	33.97	1.1502076491502	38.2	2000	2.8	3.4	1.417	0.0131	40	8.8	3
Juniperus monosperma	35.43	1.32750841711721	37.8	2000	2.65	3.4	1.985	0.0206	40	8.8	3
Juniperus monosperma	37.48	1.24052496234509	38.1	2000	2.1	3	2.211	0.0238	40	8.8	3
Juniperus monosperma	33.65	1.12630193821397	38.2	2000	2.8	3.4	1.323	0.013	40	8.8	3
Juniperus monosperma	35.09	1.23052585109135	38	2000	2.65	3.4	1.653	0.0168	40	8.8	3
Juniperus monosperma	36.22	1.20288915712395	38.1	2000	2.1	3	2.465	0.0236	40	8.8	3
Juniperus monosperma	34.89	0.978403587485816	37.9	2000	2.8	3.4	0.636	0.0082	40	8.8	3
Juniperus monosperma	34.37	0.959649693409782	37.9	2000	2.65	3.4	0.982	0.0091	40	8.8	3
Juniperus monosperma	34.47	1.03987178823581	37.5	2000	2.1	3	2.09	0.0192	40	8.8	3
Juniperus monosperma	23.89	1.51417595497061	37.6	2000	1.2	3.3	5.261	0.052	40	8.8	3
Juniperus monosperma	25.37	1.55816135802217	37.8	2000	1.7	3.7	5.61	0.055	40	8.8	3
Juniperus monosperma	26.09	1.84925434048784	36.4	2000	1.4	2.9	5.175	0.045	40	8.8	3
Juniperus monosperma	27.64	1.86129614293818	36.3	2000	1.2	3.3	5.461	0.051	40	8.8	3
Juniperus monosperma	29.23	1.78909518884022	36.7	2000	1.7	3.7	5.054	0.044	40	8.8	3
Juniperus monosperma	29.95	2.09077304969809	36.1	2000	1.4	2.9	4.864	0.054	40	8.8	3
Juniperus monosperma	30.78	1.70648338990109	36.5	2000	1.2	3.3	4.316	0.039	40	8.8	3
Juniperus monosperma	32.21	1.68133384166627	37	2000	1.7	3.7	3.895	0.035	40	8.8	3
Juniperus monosperma	32.83	1.99221736326462	36	2000	1.4	2.9	3.983	0.044	40	8.8	3
Juniperus monosperma	32.62	1.58375671375214	37.3	2000	1.2	3.3	2.502	0.018	40	8.8	3
Juniperus monosperma	34.06	1.69688145413047	37.2	2000	1.7	3.7	3.349	0.03	40	8.8	3
Juniperus monosperma	35.86	2.03532125262498	36.7	2000	1.4	2.9	3.049	0.034	40	8.8	3
Juniperus monosperma	34.23	1.49758259283739	37.4	2000	1.2	3.3	2.403	0.017	40	8.8	3
Juniperus monosperma	35.66	1.68087070847753	37.3	2000	1.7	3.7	3.152	0.026	40	8.8	3
Juniperus monosperma	37.02	1.9314480493731	37.4	2000	1.4	2.9	2.236	0.026	40	8.8	3
Juniperus monosperma	36.52	1.52240901696951	38	2000	1.2	3.3	1.929	0.016	40	8.8	3
Juniperus monosperma	38.1	1.6504452915625	38	2000	1.7	3.7	2.439	0.023	40	8.8	3
Juniperus monosperma	39.92	1.80398407554695	37.7	2000	1.4	2.9	1.775	0.02	40	8.8	3
Juniperus monosperma	36.51	1.42906884118459	38.1	2000	1.2	3.3	1.52	0.012	40	8.8	3
Juniperus monosperma	36.12	1.5500293877836	37.9	2000	1.7	3.7	2.497	0.022	40	8.8	3
Juniperus monosperma	35.59	1.74845776596742	37.1	2000	1.4	2.9	2.414	0.024	40	8.8	3
Juniperus monosperma	13.34	0.441359134300831	38.1	2000	3.65	4.1	2.396	0.015	40	8.8	3
Juniperus monosperma	19.72	0.517982905480468	38.2	2000	4.3	4.3	3.449	0.027	40	8.8	3
Juniperus monosperma	20.47	0.497104798426532	38.4	2000	4	4	2.086	0.013	40	8.8	3
Juniperus monosperma	20.57	0.521991255744366	38.2	2000	3.65	4.1	2.964	0.019	40	8.8	3
Juniperus monosperma	21.61	0.521646118713075	38.5	2000	4.3	4.3	3.127	0.022	40	8.8	3
Juniperus monosperma	22.79	0.523859447631674	38.5	2000	4	4	2.333	0.014	40	8.8	3
Juniperus monosperma	27.26	0.499968126210836	38.8	2000	3.65	4.1	2.202	0.014	40	8.8	3
Juniperus monosperma	26.9	0.464360610669192	39	2000	4.3	4.3	2.139	0.015	40	8.8	3
Juniperus monosperma	28.72	0.451187064689254	39.1	2000	4	4	1.224	0.009	40	8.8	3
Juniperus monosperma	32.52	0.396128288441146	39.5	2000	3.65	4.1	0.855	0.006	40	8.8	3
Juniperus monosperma	32.02	0.389995917335541	39.4	2000	4.3	4.3	1.167	0.007	40	8.8	3
Juniperus monosperma	32.79	0.381035771953994	39.6	2000	4	4	0.532	0.004	40	8.8	3
Juniperus monosperma	31.08	0.3029464316148	39.4	2000	3.65	4.1	0.649	0.004	40	8.8	3
Juniperus monosperma	34.16	0.276655276178899	39.5	2000	4.3	4.3	0.487	0.004	40	8.8	3
Juniperus monosperma	34.72	0.266066190890503	39.6	2000	4	4	0.107	0.002	40	8.8	3
Juniperus monosperma	32.4	0.283151954071273	39.6	2000	3.65	4.1	0.531	0.004	40	8.8	3
Juniperus monosperma	32.93	0.250266922003047	39.5	2000	4.3	4.3	0.141	0.002	40	8.8	3
Juniperus monosperma	33.32	0.270974310396771	39.6	2000	4	4	0.107	0.002	40	8.8	3
Juniperus monosperma	31.04	0.292685648682335	39.3	2000	3.65	4.1	0.647	0.004	40	8.8	3
Juniperus monosperma	31.78	0.305828577779972	39.4	2000	4.3	4.3	0.857	0.006	40	8.8	3
Juniperus monosperma	31.42	0.280986664911461	39.6	2000	4	4	0.186	0.003	40	8.8	3
Juniperus monosperma	15.9	0.546645970384127	38.6	2000	2.4	3	2.887	0.03	40	8.8	3
Juniperus monosperma	17.25	0.588578175784639	38.4	2000	1.65	2.9	4.189	0.039	40	8.8	3
Juniperus monosperma	19.09	0.699689269574583	37.5	2000	2.25	3.5	5.09	0.046	40	8.8	3
Juniperus monosperma	21.75	0.63382508357481	38.5	2000	2.4	3	4.138	0.036	40	8.8	3
Juniperus monosperma	22.21	0.657875159686862	38.7	2000	1.65	2.9	3.96	0.038	40	8.8	3
Juniperus monosperma	22.75	0.737144728929683	38	2000	2.25	3.5	4.398	0.037	40	8.8	3
Juniperus monosperma	23.68	0.636987264208635	38.5	2000	2.4	3	4.327	0.038	40	8.8	3
Juniperus monosperma	23.67	0.665226576057614	38.8	2000	1.65	2.9	4.314	0.036	40	8.8	3
Juniperus monosperma	24.83	0.745739057156404	38.2	2000	2.25	3.5	4.056	0.038	40	8.8	3
Juniperus monosperma	29.55	0.574633281706721	38.4	2000	2.4	3	3.605	0.029	40	8.8	3
Juniperus monosperma	29.25	0.633780895204489	39	2000	1.65	2.9	4.351	0.032	40	8.8	3
Juniperus monosperma	29.15	0.64039933139887	38.6	2000	2.25	3.5	3.543	0.032	40	8.8	3
Juniperus monosperma	31.02	0.487562864387198	39.4	2000	2.4	3	3.014	0.023	40	8.8	3
Juniperus monosperma	31.36	0.525342588928544	39.2	2000	1.65	2.9	3.564	0.031	40	8.8	3
Juniperus monosperma	30.67	0.568730444228827	39	2000	2.25	3.5	2.865	0.026	40	8.8	3
Juniperus monosperma	31.25	0.436781792682211	39.2	2000	2.4	3	2.451	0.019	40	8.8	3
Juniperus monosperma	30.09	0.45487816972266	39.2	2000	1.65	2.9	3.24	0.029	40	8.8	3
Juniperus monosperma	30.26	0.566612705598937	38.8	2000	2.25	3.5	3.241	0.03	40	8.8	3
Juniperus monosperma	29.72	0.395257955110011	39.3	2000	2.4	3	2.189	0.017	40	8.8	3
Juniperus monosperma	30.23	0.439222090991442	39.2	2000	1.65	2.9	3.693	0.027	40	8.8	3
Juniperus monosperma	30.09	0.43487816972266	39.3	2000	2.25	3.5	2.051	0.017	40	8.8	3
Juniperus monosperma	23.24	1.94038597214999	36.9	2000	0.67	1.8	6.251	0.0729	40	8.8	3
Juniperus monosperma	25.43	2.23971964856148	36.7	2000	0.8	2.35	7.785	0.1241	40	8.8	3
Juniperus monosperma	26.68	2.13883637008933	37.1	2000	0.72	2	7.532	0.0899	40	8.8	3
Juniperus monosperma	29.52	2.34750002525505	36	2000	0.67	1.8	8.998	0.1106	40	8.8	3
Juniperus monosperma	29.13	2.47573708926868	35.7	2000	0.8	2.35	8.239	0.1431	40	8.8	3
Juniperus monosperma	28.54	2.16029002172463	36.9	2000	0.72	2	6.315	0.087	40	8.8	3
Juniperus monosperma	28.8	2.18948297622299	35.8	2000	0.67	1.8	8.605	0.1194	40	8.8	3
Juniperus monosperma	29.38	2.42435284140048	35.5	2000	0.8	2.35	8.222	0.1481	40	8.8	3
Juniperus monosperma	30.57	2.15363157198815	36.6	2000	0.72	2	6.369	0.0827	40	8.8	3
Juniperus monosperma	34.27	2.37957281461795	36.2	2000	0.67	1.8	8.61	0.1103	40	8.8	3
Juniperus monosperma	33.57	2.62305193299788	36.1	2000	0.8	2.35	6.445	0.1309	40	8.8	3
Juniperus monosperma	34.37	2.21964969340978	36.9	2000	0.72	2	5.697	0.0805	40	8.8	3
Juniperus monosperma	33.09	2.23543138706333	36.2	2000	0.67	1.8	7.839	0.1026	40	8.8	3
Juniperus monosperma	34.02	2.34501211343504	36.3	2000	0.8	2.35	6.097	0.1075	40	8.8	3
Juniperus monosperma	35.29	2.07324600167921	37	2000	0.72	2	5.031	0.071	40	8.8	3
Juniperus monosperma	36.97	2.364363921568	36.4	2000	0.67	1.8	7.743	0.0978	40	8.8	3
Juniperus monosperma	36.35	2.36584068570607	36.8	2000	0.8	2.35	5.096	0.0814	40	8.8	3
Juniperus monosperma	35.13	1.91302189719567	37.6	2000	0.72	2	4.041	0.0612	40	8.8	3
Juniperus monosperma	32.91	1.80464606894482	36.9	2000	0.67	1.8	6.92	0.0783	40	8.8	3
Juniperus monosperma	34.82	1.9868011630138	37.1	2000	0.8	2.35	4.93	0.0688	40	8.8	3
Juniperus monosperma	34.85	1.72605046122002	37.4	2000	0.72	2	4.691	0.0588	40	8.8	3
Juniperus monosperma	19.52	1.61962477935867	37.9	2000	0.83	1.7	5.143	0.0667	40	8.8	3
Juniperus monosperma	24.89	1.74697800143259	36.6	2000	0.72	2.3	8.08	0.0817	40	8.8	3
Juniperus monosperma	23.8	1.98818776657071	34.9	2000	0.92	2	8.8	0.153	40	8.8	3
Juniperus monosperma	28.74	1.85575413188824	37	2000	0.83	1.7	6.695	0.0829	40	8.8	3
Juniperus monosperma	28.17	2.02738217286308	36.9	2000	0.72	2.3	9.451	0.152	40	8.8	3
Juniperus monosperma	29.07	2.22177843304877	35.7	2000	0.92	2	8.177	0.1163	40	8.8	3
Juniperus monosperma	34.39	2.04568247638971	37.3	2000	0.83	1.7	5.267	0.0717	40	8.8	3
Juniperus monosperma	33.39	2.27106798029825	36.7	2000	0.72	2.3	7.567	0.129	40	8.8	3
Juniperus monosperma	34.21	2.54159614824967	36	2000	0.92	2	6.338	0.0979	40	8.8	3
Juniperus monosperma	38.17	2.05567861824851	37	2000	0.83	1.7	4.237	0.0552	40	8.8	3
Juniperus monosperma	37.41	2.5160948866854	37.9	2000	0.72	2.3	5.012	0.0743	40	8.8	3
Juniperus monosperma	37.86	2.58455581220078	35.9	2000	0.92	2	5.443	0.0809	40	8.8	3
Juniperus monosperma	39.8	2.07711865206272	37.2	2000	0.83	1.7	4.027	0.0526	40	8.8	3
Juniperus monosperma	38.36	1.97458661972279	37.3	2000	0.72	2.3	4.149	0.0704	40	8.8	3
Juniperus monosperma	38.71	2.4331325813714	36.2	2000	0.92	2	4.866	0.074	40	8.8	3
Juniperus monosperma	36.13	1.83330834682066	37	2000	0.83	1.7	4.83	0.0597	40	8.8	3
Juniperus monosperma	37.66	1.89371535648893	37.3	2000	0.72	2.3	4.461	0.0729	40	8.8	3
Juniperus monosperma	38.36	2.25458661972279	36.6	2000	0.92	2	4.073	0.0635	40	8.8	3
Juniperus monosperma	34.45	1.69381572392082	36.9	2000	0.83	1.7	5.083	0.0626	40	8.8	3
Juniperus monosperma	35.83	1.85561448763836	37	2000	0.72	2.3	5.583	0.0826	40	8.8	3
Juniperus monosperma	35.75	2.00979747211004	36.6	2000	0.92	2	4.315	0.0641	40	8.8	3
Juniperus monosperma	20.64	1.55245960105995	38	2000	1.2	2.4	5.192	0.061	40	8.8	3
Juniperus monosperma	24.12	1.56537883811189	38	2000	1.15	2.1	5.05	0.065	40	8.8	3
Juniperus monosperma	25.67	1.79631325198641	36.9	2000	1.13	2.4	6.252	0.082	40	8.8	3
Juniperus monosperma	27.87	1.8512899816174	36.9	2000	1.2	2.4	7.523	0.091	40	8.8	3
Juniperus monosperma	30.36	1.93132792378562	37.5	2000	1.15	2.1	6	0.085	40	8.8	3
Juniperus monosperma	31.52	2.09716318953203	36.5	2000	1.13	2.4	5.527	0.073	40	8.8	3
Juniperus monosperma	32.95	1.99589325464253	36.3	2000	1.2	2.4	6.499	0.077	40	8.8	3
Juniperus monosperma	35.57	2.03206780068105	37.2	2000	1.15	2.1	4.278	0.07	40	8.8	3
Juniperus monosperma	36.15	2.2198709391685	36.5	2000	1.13	2.4	4.142	0.059	40	8.8	3
Juniperus monosperma	36.97	1.944363921568	36.9	2000	1.2	2.4	4.922	0.053	40	8.8	3
Juniperus monosperma	38.28	2.0454981704474	37.4	2000	1.15	2.1	3.581	0.058	40	8.8	3
Juniperus monosperma	37.34	2.09174509609707	37	2000	1.13	2.4	3.209	0.05	40	8.8	3
Juniperus monosperma	37.66	1.80371535648893	37	2000	1.2	2.4	4.714	0.048	40	8.8	3
Juniperus monosperma	35.87	1.77855992271443	37.5	2000	1.15	2.1	3.549	0.053	40	8.8	3
Juniperus monosperma	34.89	1.84840358748582	36.9	2000	1.13	2.4	3.396	0.042	40	8.8	3
Juniperus monosperma	32.61	1.68098779330771	36.7	2000	1.2	2.4	5.57	0.058	40	8.8	3
Juniperus monosperma	33.1	1.65826586254524	37.3	2000	1.15	2.1	4.415	0.057	40	8.8	3
Juniperus monosperma	32.55	1.69440264582909	36.8	2000	1.13	2.4	3.707	0.043	40	8.8	3
Juniperus monosperma	32.22	1.69404910655411	36.8	2000	1.2	2.4	5.359	0.055	40	8.8	3
Juniperus monosperma	32.34	1.60673623614928	37.5	2000	1.15	2.1	3.845	0.049	40	8.8	3
Juniperus monosperma	32.54	1.68164317862763	37	2000	1.13	2.4	3.523	0.039	40	8.8	3
Juniperus monosperma	23.18	1.24007713508659	37.5	2000	4.15	4.5	2.298	0.018	40	8.8	3
Juniperus monosperma	27.89	1.17566492363665	38.2	2000	1.95	3.1	1.477	0.009	40	8.8	3
Juniperus monosperma	29.1	1.14875250169978	38.3	2000	4.7	4.7	1.059	0.008	40	8.8	3
Juniperus monosperma	34.39	1.13568247638971	38.3	2000	4.15	4.5	0.741	0.005	40	8.8	3
Juniperus monosperma	33.94	1.18134212236861	38.2	2000	1.95	3.1	1.079	0.008	40	8.8	3
Juniperus monosperma	34.09	1.10579851601059	38.6	2000	4.7	4.7	0.587	0.004	40	8.8	3
Juniperus monosperma	34.67	1.03075396895712	38.7	2000	4.15	4.5	0.289	0.002	40	8.8	3
Juniperus monosperma	34.64	1.04158427778961	38.8	2000	1.95	3.1	0.071	0.003	40	8.8	3
Juniperus monosperma	35.81	1.02915100926386	38.6	2000	4.7	4.7	0.262	0.004	40	8.8	3
Juniperus monosperma	37.42	1.02957997694529	38.7	2000	4.15	4.5	0.254	0.003	40	8.8	3
Juniperus monosperma	37.39	0.989129620933964	38.4	2000	1.95	3.1	0.158	0.002	40	8.8	3
Juniperus monosperma	40.27	0.842164593203359	38.7	2000	4.15	4.5	0.304	0.002	40	8.8	3
Juniperus monosperma	22.34	1.26913285389149	37.6	2000	2.3	2.5	3.729	0.031	40	8.8	3
Juniperus monosperma	25.13	1.42228581960632	37.1	2000	1.85	2.7	3.78	0.038	40	8.8	3
Juniperus monosperma	27.25	1.43784910291145	37.2	2000	2.4	2.4	2.887	0.027	40	8.8	3
Juniperus monosperma	29.21	1.4144141832349	37.7	2000	2.3	2.5	4.504	0.039	40	8.8	3
Juniperus monosperma	30.28	1.64154591641394	37.2	2000	1.85	2.7	4.308	0.046	40	8.8	3
Juniperus monosperma	31.64	1.58874573237683	37.4	2000	2.4	2.4	2.973	0.027	40	8.8	3
Juniperus monosperma	33.82	1.3960083077878	38.3	2000	2.3	2.5	3.101	0.027	40	8.8	3
Juniperus monosperma	34.11	1.63175040230827	37.8	2000	1.85	2.7	3.233	0.033	40	8.8	3
Juniperus monosperma	35.65	1.54766427716242	38.1	2000	2.4	2.4	2.018	0.019	40	8.8	3
Juniperus monosperma	36.2	1.29630471545878	38.7	2000	2.3	2.5	2.136	0.019	40	8.8	3
Juniperus monosperma	37.39	1.52912962093396	38.4	2000	1.85	2.7	2.102	0.023	40	8.8	3
Juniperus monosperma	39.28	1.47701106403409	38.5	2000	2.4	2.4	1.411	0.016	40	8.8	3
Juniperus monosperma	38.15	1.16846066705398	38.8	2000	2.3	2.5	1.709	0.015	40	8.8	3
Juniperus monosperma	39.61	1.57344397631175	38.2	2000	1.85	2.7	2.265	0.026	40	8.8	3
Juniperus monosperma	40.89	1.47246404708297	38.5	2000	2.4	2.4	1.216	0.016	40	8.8	3
Juniperus monosperma	37.25	1.16055583845046	38.6	2000	2.3	2.5	2.342	0.021	40	8.8	3
Juniperus monosperma	37.88	1.55167645825001	38	2000	1.85	2.7	2.835	0.033	40	8.8	3
Juniperus monosperma	38.13	1.54124946191198	37.9	2000	2.4	2.4	2.216	0.025	40	8.8	3
Juniperus monosperma	15.36	0.815217930458982	37.3	2000	1.57	2.2	7.437	0.0694	40	8.8	3
Juniperus monosperma	19.64	0.876602686438312	37.6	2000	1.42	2.8	8.198	0.0807	40	8.8	3
Juniperus monosperma	21.08	1.09917087013789	36.5	2000	1.37	2.1	5.829	0.0545	40	8.8	3
Juniperus monosperma	26.32	0.945440544069956	37	2000	1.57	2.2	7.237	0.072	40	8.8	3
Juniperus monosperma	26.02	1.01530582447282	37	2000	1.42	2.8	9.449	0.1182	40	8.8	3
Juniperus monosperma	26.82	1.12774700008	36.3	2000	1.37	2.1	5.564	0.0597	40	8.8	3
Juniperus monosperma	31.8	1.05114700243299	37.5	2000	1.57	2.2	5.769	0.0528	40	8.8	3
Juniperus monosperma	31.41	1.19837610302056	37.4	2000	1.42	2.8	7.536	0.094	40	8.8	3
Juniperus monosperma	32.62	1.28375671375214	37	2000	1.37	2.1	4.088	0.0421	40	8.8	3
Juniperus monosperma	33.34	1.04670839142802	37.6	2000	1.57	2.2	5.433	0.0475	40	8.8	3
Juniperus monosperma	34.65	1.14463937272248	37.6	2000	1.42	2.8	6.383	0.0657	40	8.8	3
Juniperus monosperma	34.77	1.35141523093959	37.2	2000	1.37	2.1	3.441	0.0405	40	8.8	3
Juniperus monosperma	34.59	1.03633081139826	37.7	2000	1.57	2.2	4.556	0.0448	40	8.8	3
Juniperus monosperma	36.09	1.06020185181429	37.8	2000	1.42	2.8	5.553	0.0552	40	8.8	3
Juniperus monosperma	36.83	1.15674229612421	37.7	2000	1.37	2.1	2.51	0.0262	40	8.8	3
Juniperus monosperma	34.04	0.970943917833447	37.8	2000	1.57	2.2	4.569	0.0401	40	8.8	3
Juniperus monosperma	36.33	1.05921550575003	37.9	2000	1.42	2.8	5.124	0.0519	40	8.8	3
Juniperus monosperma	37.19	1.07983629887464	38.1	2000	1.37	2.1	1.878	0.0231	40	8.8	3
Juniperus monosperma	33.56	1.05015201530603	37.6	2000	1.57	2.2	5.467	0.0488	40	8.8	3
Juniperus monosperma	37.13	1.15917523750463	38.1	2000	1.42	2.8	5.379	0.0594	40	8.8	3
Juniperus monosperma	37.18	1.09638873137929	38.1	2000	1.37	2.1	1.892	0.0242	40	8.8	3
Juniperus monosperma	20.14	1.09854546035997	37.8	2000	2.73	3.7	4.27	0.037	40	8.8	3
Juniperus monosperma	22.15	1.21811333295854	37.2	2000	2.38	3.13	7.104	0.065	40	8.8	3
Juniperus monosperma	23.19	1.21179301121416	37.3	2000	2.55	3.28	5.135	0.0401	40	8.8	3
Juniperus monosperma	27.3	1.27845503218096	37.7	2000	2.73	3.7	4.255	0.0337	40	8.8	3
Juniperus monosperma	27.31	1.43057946418505	37.1	2000	2.38	3.13	6.721	0.0708	40	8.8	3
Juniperus monosperma	27.06	1.34779239959496	37.2	2000	2.55	3.28	4.976	0.044	40	8.8	3
Juniperus monosperma	31.87	1.31980271690116	38	2000	2.73	3.7	3.367	0.0264	40	8.8	3
Juniperus monosperma	31.89	1.4851447183041	37.7	2000	2.38	3.13	5.008	0.0457	40	8.8	3
Juniperus monosperma	31.93	1.37584447886641	37.8	2000	2.55	3.28	3.8	0.0275	40	8.8	3
Juniperus monosperma	35.91	1.34153002820282	38.5	2000	2.73	3.7	2.161	0.0175	40	8.8	3
Juniperus monosperma	34.73	1.37913305108762	38.1	2000	2.38	3.13	3.208	0.028	40	8.8	3
Juniperus monosperma	34.44	1.3307898773157	38.2	2000	2.55	3.28	2.368	0.0186	40	8.8	3
Juniperus monosperma	36.37	1.07247215170892	38.5	2000	2.73	3.7	1.472	0.0139	40	8.8	3
Juniperus monosperma	36.17	1.20643976799806	38.5	2000	2.38	3.13	1.885	0.0164	40	8.8	3
Juniperus monosperma	35.83	1.20561448763836	38.5	2000	2.55	3.28	1.438	0.0144	40	8.8	3
Juniperus monosperma	33.53	1.111460692499	38.5	2000	2.73	3.7	2.064	0.0162	40	8.8	3
Juniperus monosperma	32.72	1.25152040648679	38.2	2000	2.38	3.13	3.13	0.0279	40	8.8	3
Juniperus monosperma	31.89	1.1251447183041	38.6	2000	2.55	3.28	1.299	0.0132	40	8.8	3
Juniperus monosperma	18.21	1.3113317986702	35.7	2000	1.67	2.65	6.028	0.0374	40	8.8	3
Juniperus monosperma	19.22	1.32766152188385	36.6	2000	1.48	3.05	4.574	0.0387	40	8.8	3
Juniperus monosperma	19.74	1.42083568801431	35.5	2000	2	2.7	8.188	0.0702	40	8.8	3
Juniperus monosperma	24.2	1.62982693397904	35.3	2000	1.67	2.65	8.586	0.0906	40	8.8	3
Juniperus monosperma	23.98	1.47023974401102	36.6	2000	1.48	3.05	6.154	0.0724	40	8.8	3
Juniperus monosperma	24.59	1.63113255582244	35.7	2000	2	2.7	8.19	0.1012	40	8.8	3
Juniperus monosperma	28.24	1.83294872174797	36	2000	1.67	2.65	7.186	0.0927	40	8.8	3
Juniperus monosperma	28	1.47980659417326	36.8	2000	1.48	3.05	5.559	0.0738	40	8.8	3
Juniperus monosperma	27.89	1.56566492363665	36	2000	2	2.7	7.269	0.0956	40	8.8	3
Juniperus monosperma	31.62	1.53346900680352	36.3	2000	1.67	2.65	6.226	0.0696	40	8.8	3
Juniperus monosperma	31.18	1.29868733565508	37.3	2000	1.48	3.05	5.125	0.0632	40	8.8	3
Juniperus monosperma	30.96	1.39222488977883	36.7	2000	2	2.7	5.998	0.0682	40	8.8	3
Juniperus monosperma	34.8	1.51064235840608	36.8	2000	1.67	2.65	5.204	0.0587	40	8.8	3
Juniperus monosperma	34.15	1.29367142387064	37.5	2000	1.48	3.05	4.488	0.0542	40	8.8	3
Juniperus monosperma	34.3	1.39858066532239	36.9	2000	2	2.7	5.76	0.0557	40	8.8	3
Juniperus monosperma	35.59	1.28845776596742	37.5	2000	1.67	2.65	3.535	0.0389	40	8.8	3
Juniperus monosperma	35.66	1.38087070847753	37.6	2000	1.48	3.05	4.081	0.0447	40	8.8	3
Juniperus monosperma	34.7	1.49993688807831	37	2000	2	2.7	5.066	0.0548	40	8.8	3
Juniperus monosperma	33.73	1.59964221921965	37	2000	1.67	2.65	4.843	0.0517	40	8.8	3
Juniperus monosperma	34.64	1.5715842777896	37.4	2000	1.48	3.05	3.969	0.0486	40	8.8	3
Juniperus monosperma	33.12	1.57393895230787	36.9	2000	2	2.7	5.351	0.0576	40	8.8	3
Juniperus monosperma	15.14	0.660721554333086	37.8	2000	4.25	5.1	1.66	0.013	40	8.8	3
Juniperus monosperma	15.84	0.649728343688864	38	2000	3	3.7	2.101	0.019	40	8.8	3
Juniperus monosperma	16.23	0.695111062251919	37.5	2000	4.95	5.1	1.842	0.014	40	8.8	3
Juniperus monosperma	19.52	0.639624779358667	37.9	2000	4.25	5.1	2.111	0.015	40	8.8	3
Juniperus monosperma	20.5	0.631562313817583	37.9	2000	3	3.7	3.053	0.025	40	8.8	3
Juniperus monosperma	22.19	0.664617757379184	37.7	2000	4.95	5.1	1.886	0.014	40	8.8	3
Juniperus monosperma	25.89	0.639534513960686	38	2000	4.25	5.1	2.041	0.014	40	8.8	3
Juniperus monosperma	25.1	0.596591417222633	38.2	2000	3	3.7	2.564	0.019	40	8.8	3
Juniperus monosperma	27.02	0.619408808031808	38.3	2000	4.95	5.1	1.185	0.009	40	8.8	3
Juniperus monosperma	28.39	0.576491775556325	38.4	2000	4.25	5.1	1.376	0.009	40	8.8	3
Juniperus monosperma	29.44	0.578530314442269	38.6	2000	3	3.7	1.847	0.014	40	8.8	3
Juniperus monosperma	30.27	0.509078697224031	38.8	2000	4.95	5.1	0.43	0.003	40	8.8	3
Juniperus monosperma	31.33	0.507537897641289	38.8	2000	4.25	5.1	0.853	0.006	40	8.8	3
Juniperus monosperma	32.6	0.478220224983329	38.9	2000	3	3.7	0.976	0.007	40	8.8	3
Juniperus monosperma	33.49	0.439891911465701	39.1	2000	4.95	5.1	0.147	0.002	40	8.8	3
Juniperus monosperma	31.47	0.414058798975785	39	2000	4.25	5.1	0.49	0.004	40	8.8	3
Juniperus monosperma	32.34	0.376736236149276	39.1	2000	3	3.7	0.426	0.004	40	8.8	3
Juniperus monosperma	32.67	0.377621617126691	39.1	2000	4.95	5.1	0.103	0.002	40	8.8	3
Juniperus monosperma	24.47	0.699037587530667	36.8	2000	1.15	2.4	6.982	0.071	40	8.8	3
Juniperus monosperma	25	0.757673991975822	36.8	2000	1.2	2.6	6.188	0.068	40	8.8	3
Juniperus monosperma	25.3	0.824721997142325	36.4	2000	1.2	2.4	6.017	0.065	40	8.8	3
Juniperus monosperma	28.56	0.784815823154632	37.2	2000	1.15	2.4	5.906	0.063	40	8.8	3
Juniperus monosperma	27.09	0.814091343224061	36.9	2000	1.2	2.6	6.005	0.066	40	8.8	3
Juniperus monosperma	26.84	0.881894030129256	36.6	2000	1.2	2.4	5.79	0.064	40	8.8	3
Juniperus monosperma	30.24	0.781684402994585	37.4	2000	1.15	2.4	5.011	0.054	40	8.8	3
Juniperus monosperma	29.92	0.873495744219169	37.2	2000	1.2	2.6	5.217	0.058	40	8.8	3
Juniperus monosperma	30.27	0.999078697224031	36.9	2000	1.2	2.4	4.938	0.061	40	8.8	3
Juniperus monosperma	31.19	0.711268429214586	37.9	2000	1.15	2.4	4.109	0.041	40	8.8	3
Juniperus monosperma	30.6	0.86114815850636	37.6	2000	1.2	2.6	4.607	0.054	40	8.8	3
Juniperus monosperma	31.45	0.988826078299454	37.3	2000	1.2	2.4	4.494	0.052	40	8.8	3
Juniperus monosperma	31.74	0.545207406451923	38.5	2000	1.15	2.4	2.572	0.028	40	8.8	3
Juniperus monosperma	32.64	0.859298613212243	37.8	2000	1.2	2.6	4.13	0.048	40	8.8	3
Juniperus monosperma	33.51	0.96567349682509	38	2000	1.2	2.4	2.952	0.045	40	8.8	3
Juniperus monosperma	31.97	0.586565278593894	38.5	2000	1.15	2.4	2.994	0.03	40	8.8	3
Juniperus monosperma	32.57	0.819925627205859	38	2000	1.2	2.6	3.861	0.045	40	8.8	3
Juniperus monosperma	31.66	0.764027655312397	38.1	2000	1.2	2.4	2.997	0.037	40	8.8	3
Juniperus monosperma	12.89	0.456978975488509	39	2000	3.7	4.3	2.535	0.021	40	8.8	3
Juniperus monosperma	15.12	0.568509634144598	38.6	2000	2.7	4.2	3.034	0.027	40	8.8	3
Juniperus monosperma	16.65	0.58510328234567	38.5	2000	4.25	4.4	2.481	0.016	40	8.8	3
Juniperus monosperma	22.86	0.935644440644224	39.3	2000	3.7	4.3	1.619	0.01	40	8.8	3
Juniperus monosperma	25.65	1.07240833505352	39.2	2000	2.7	4.2	1.907	0.014	40	8.8	3
Juniperus monosperma	26.9	1.08436061066919	39.6	2000	4.25	4.4	0.706	0.005	40	8.8	3
Juniperus monosperma	29.74	0.9000600739353	39.7	2000	3.7	4.3	0.803	0.004	40	8.8	3
Juniperus monosperma	31.01	0.955003372193886	39.3	2000	2.7	4.2	1.629	0.011	40	8.8	3
Juniperus monosperma	31.15	0.810951702163556	39.9	2000	4.25	4.4	0.345	0.003	40	8.8	3
Juniperus monosperma	13.74	0.601779796029174	37.9	2000	1.8	2.5	2.098	0.022	40	8.8	3
Juniperus monosperma	15.09	0.595196428372587	38	2000	1.8	2.9	2.785	0.027	40	8.8	3
Juniperus monosperma	16.15	0.645720892064635	37.5	2000	2.1	2.9	2.543	0.022	40	8.8	3
Juniperus monosperma	18.08	0.684326281071538	37.8	2000	1.8	2.5	2.911	0.029	40	8.8	3
Juniperus monosperma	18.83	0.624124949576714	38	2000	1.8	2.9	2.891	0.023	40	8.8	3
Juniperus monosperma	19.86	0.638017515452662	37.7	2000	2.1	2.9	2.322	0.02	40	8.8	3
Juniperus monosperma	23.69	0.678748877068778	37.8	2000	1.8	2.5	3.227	0.028	40	8.8	3
Juniperus monosperma	24.1	0.731776251136076	37.8	2000	1.8	2.9	3.99	0.04	40	8.8	3
Juniperus monosperma	24.95	0.678252057350663	38	2000	2.1	2.9	2.128	0.018	40	8.8	3
Juniperus monosperma	27.02	0.729408808031808	37.8	2000	1.8	2.5	3.053	0.027	40	8.8	3
Juniperus monosperma	25.19	0.863701247706168	37.8	2000	1.8	2.9	3.979	0.039	40	8.8	3
Juniperus monosperma	25.09	0.684695252321962	37.7	2000	2.1	2.9	2.29	0.019	40	8.8	3
Juniperus monosperma	26.86	0.716045306139652	37.8	2000	1.8	2.5	3.215	0.027	40	8.8	3
Juniperus monosperma	26.03	0.727295392408674	37.8	2000	1.8	2.9	3.854	0.038	40	8.8	3
Juniperus monosperma	25.73	0.698052235184753	37.9	2000	2.1	2.9	2.133	0.019	40	8.8	3
Juniperus monosperma	26.26	0.733339254790465	37.8	2000	1.8	2.5	3.028	0.023	40	8.8	3
Juniperus monosperma	26.61	0.804458616936396	37.9	2000	1.8	2.9	3.523	0.036	40	8.8	3
Juniperus monosperma	26.23	0.757302592152009	38	2000	2.1	2.9	2.055	0.016	40	8.8	3
Juniperus monosperma	15.69	1.18253574707773	36.7	2000	1.3	2.7	5.176	0.031	40	8.8	3
Juniperus monosperma	16.44	1.21996080086174	36.8	2000	1.4	2.5	4.337	0.0366	40	8.8	3
Juniperus monosperma	16.8	1.30324304533772	35.8	2000	1.4	2.8	6.421	0.0654	40	8.8	3
Juniperus monosperma	18.3	1.41317621630881	34.9	2000	1.3	2.7	8.822	0.0937	40	8.8	3
Juniperus monosperma	20.73	1.48597700356606	35.7	2000	1.4	2.5	6.618	0.0787	40	8.8	3
Juniperus monosperma	20.93	1.53625097708699	35.1	2000	1.4	2.8	7.689	0.0921	40	8.8	3
Juniperus monosperma	26.2	1.72127523472912	35.3	2000	1.3	2.7	8.462	0.099	40	8.8	3
Juniperus monosperma	25.42	1.69779077282167	35.4	2000	1.4	2.5	7.242	0.0903	40	8.8	3
Juniperus monosperma	24.82	1.58386930693382	35.6	2000	1.4	2.8	6.702	0.0718	40	8.8	3
Juniperus monosperma	30.14	1.83711636988246	35.6	2000	1.3	2.7	7.275	0.0801	40	8.8	3
Juniperus monosperma	28.99	1.77323224135665	35.6	2000	1.4	2.5	6.585	0.0718	40	8.8	3
Juniperus monosperma	29.69	1.69806377293458	36.2	2000	1.4	2.8	5.184	0.0627	40	8.8	3
Juniperus monosperma	29.58	1.52177725818551	36.2	2000	1.3	2.7	6.359	0.0609	40	8.8	3
Juniperus monosperma	30.66	1.5562149487029	36.5	2000	1.4	2.5	5.004	0.0556	40	8.8	3
Juniperus monosperma	31.9	1.51781768791493	36.6	2000	1.4	2.8	4.446	0.0458	40	8.8	3
Juniperus monosperma	29.44	1.46853031444227	36.5	2000	1.3	2.7	6.066	0.0559	40	8.8	3
Juniperus monosperma	27.59	1.35050501215148	36.8	2000	1.4	2.5	4.691	0.0447	40	8.8	3
Juniperus monosperma	26.8	1.33360421233865	36.9	2000	1.4	2.8	4.302	0.0408	40	8.8	3
Juniperus monosperma	13.44	1.24137780076396	36.6	2000	1	2	5.661	0.2039	40	8.8	3
Juniperus monosperma	15.77	1.31168713000483	36.3	2000	1.2	2.4	8.544	0.1298	40	8.8	3
Juniperus monosperma	16.57	1.38549049033639	34.9	2000	1.6	2.4	5.995	0.0511	40	8.8	3
Juniperus monosperma	20.96	1.52082020188296	36.1	2000	1	2	8.135	0.0936	40	8.8	3
Juniperus monosperma	23.78	1.58464507234614	36.6	2000	1.2	2.4	8.825	0.114	40	8.8	3
Juniperus monosperma	23.54	1.68242159253502	35.5	2000	1.6	2.4	6.167	0.0802	40	8.8	3
Juniperus monosperma	28.46	2.01223243427059	35.1	2000	1	2	7.41	0.1036	40	8.8	3
Juniperus monosperma	27.18	1.65304616370363	36.5	2000	1.2	2.4	8.152	0.1148	40	8.8	3
Juniperus monosperma	27.3	1.79845503218096	35.3	2000	1.6	2.4	6.375	0.0841	40	8.8	3
Juniperus monosperma	29.7	2.00046063485534	35.2	2000	1	2	7.51	0.0918	40	8.8	3
Juniperus monosperma	27.99	1.62760632866857	36.5	2000	1.2	2.4	8.037	0.1077	40	8.8	3
Juniperus monosperma	28.76	1.91032580361157	35.5	2000	1.6	2.4	6.326	0.0765	40	8.8	3
Juniperus monosperma	30.73	2.03384964756763	35.6	2000	1	2	6.283	0.0934	40	8.8	3
Juniperus monosperma	30.34	1.66637503911872	37.1	2000	1.2	2.4	5.955	0.1024	40	8.8	3
Juniperus monosperma	29.81	1.91690533671778	35.9	2000	1.6	2.4	5.35	0.0751	40	8.8	3
Juniperus monosperma	29.11	1.68107952813021	36	2000	1	2	5.971	0.0744	40	8.8	3
Juniperus monosperma	29.98	1.55806125649747	37	2000	1.2	2.4	6.689	0.0977	40	8.8	3
Juniperus monosperma	29.48	1.87800566891789	36	2000	1.6	2.4	4.919	0.0713	40	8.8	3
Juniperus monosperma	25.38	1.3100852472448	36.6	2000	1	2	5.396	0.0551	40	8.8	3
Juniperus monosperma	27.84	1.46473588770117	38.2	2000	1.2	2.4	3.013	0.0934	40	8.8	3
Juniperus monosperma	27.32	1.55270497932168	36.6	2000	1.6	2.4	4.569	0.0591	40	8.8	3
Juniperus monosperma	17.25	1.08857817578464	37.1	2000	4.1	4.3	3.889	0.033	40	8.8	3
Juniperus monosperma	17.98	1.08132760379622	37.1	2000	3.9	4.2	3.797	0.029	40	8.8	3
Juniperus monosperma	22.46	0.788885989123528	38.5	2000	4.1	4.3	2.524	0.016	40	8.8	3
Juniperus monosperma	22.19	0.824617757379184	38.4	2000	3.9	4.2	2.059	0.014	40	8.8	3
Juniperus monosperma	24.79	1.09826588857957	38.3	2000	4.1	4.3	2.452	0.015	40	8.8	3
Juniperus monosperma	24.34	1.10525694501241	38.2	2000	3.9	4.2	2.455	0.015	40	8.8	3
Juniperus monosperma	31.97	1.40656527859389	38.6	2000	4.1	4.3	1.544	0.009	40	8.8	3
Juniperus monosperma	33.04	1.52127968120269	38.5	2000	3.9	4.2	1.126	0.008	40	8.8	3
Juniperus monosperma	30.34	1.20637503911872	38.9	2000	4.1	4.3	0.755	0.004	40	8.8	3
Juniperus monosperma	29.75	1.23246293406997	38.7	2000	3.9	4.2	1.015	0.007	40	8.8	3
Juniperus monosperma	30.61	0.973656175779054	38.7	2000	4.1	4.3	1.174	0.008	40	8.8	3
Juniperus monosperma	31.48	1.00667709443663	38.7	2000	3.9	4.2	1.045	0.007	40	8.8	3
Juniperus monosperma	18.33	1.29713738175441	38.6	2000	1.5	2	2.864	0.052	40	8.8	3
Juniperus monosperma	19.58	1.29809989939458	38	2000	1.4	2.1	5.711	0.08	40	8.8	3
Juniperus monosperma	20.12	1.29563019918454	37.4	2000	1	2	3.914	0.045	40	8.8	3
Juniperus monosperma	17.71	1.05658669551986	37.4	2000	1.5	2	4.754	0.054	40	8.8	3
Juniperus monosperma	18.14	1.00215988062563	38.1	2000	1.4	2.1	2.908	0.035	40	8.8	3
Juniperus monosperma	19.12	1.03382541407909	37.7	2000	1	2	3.016	0.034	40	8.8	3
Juniperus monosperma	20.6	1.03647285721695	38	2000	1.5	2	4.072	0.043	40	8.8	3
Juniperus monosperma	22.01	1.02545651384831	38.1	2000	1.4	2.1	3.884	0.042	40	8.8	3
Juniperus monosperma	22.15	1.02811333295854	37.8	2000	1	2	3.223	0.033	40	8.8	3
Juniperus monosperma	22.93	0.897473122673825	38	2000	1.5	2	4.073	0.037	40	8.8	3
Juniperus monosperma	25.49	0.951313889017857	38	2000	1.4	2.1	5.292	0.055	40	8.8	3
Juniperus monosperma	25.06	0.969012659278295	37.7	2000	1	2	3.801	0.039	40	8.8	3
Juniperus monosperma	22.46	0.858885989123528	38.3	2000	1.5	2	3.261	0.04	40	8.8	3
Juniperus monosperma	23.43	0.843246410830006	38	2000	1.4	2.1	4.449	0.042	40	8.8	3
Juniperus monosperma	22.86	0.895644440644224	37.7	2000	1	2	3.331	0.035	40	8.8	3
Juniperus monosperma	20.02	1.63110110358884	35.8	2000	2.1	3.1	5.04	0.0562	40	8.8	3
Juniperus monosperma	20.82	1.76956001851063	34.8	2000	1.98	2.9	5.461	0.0671	40	8.8	3
Juniperus monosperma	21.27	1.82846872841707	35	2000	2.1	3	5.163	0.0687	40	8.8	3
Juniperus monosperma	24.36	1.8089050097616	35.4	2000	2.1	3.1	5.58	0.0634	40	8.8	3
Juniperus monosperma	24.26	1.9507027345588	34.5	2000	1.98	2.9	5.871	0.0778	40	8.8	3
Juniperus monosperma	25.03	1.92333890969501	35.1	2000	2.1	3	4.686	0.0641	40	8.8	3
Juniperus monosperma	27.76	1.82730701928892	36	2000	2.1	3.1	4.768	0.0501	40	8.8	3
Juniperus monosperma	27.56	1.97404349171771	35.2	2000	1.98	2.9	5.001	0.061	40	8.8	3
Juniperus monosperma	27.87	1.8812899816174	35.7	2000	2.1	3	3.974	0.0458	40	8.8	3
Juniperus monosperma	31.62	1.73346900680352	36.5	2000	2.1	3.1	4.218	0.0391	40	8.8	3
Juniperus monosperma	31.7	1.9246071104197	36	2000	1.98	2.9	3.995	0.042	40	8.8	3
Juniperus monosperma	31.46	1.85144179377427	36.5	2000	2.1	3	2.948	0.0372	40	8.8	3
Juniperus monosperma	34.27	1.58957281461795	37.1	2000	2.1	3.1	3.078	0.0286	40	8.8	3
Juniperus monosperma	33.74	1.75256611643886	36.6	2000	1.98	2.9	3.057	0.0339	40	8.8	3
Juniperus monosperma	33.24	1.66809361330016	37	2000	2.1	3	2.531	0.0276	40	8.8	3
Juniperus monosperma	34.04	1.49094391783345	37.1	2000	2.1	3.1	2.887	0.0255	40	8.8	3
Juniperus monosperma	31.5	1.56191755826771	36.6	2000	1.98	2.9	3.062	0.0288	40	8.8	3
Juniperus monosperma	31.87	1.59980271690116	36.8	2000	2.1	3	2.554	0.0285	40	8.8	3
Juniperus monosperma	30.77	1.45395413569616	36.9	2000	2.1	3.1	3.146	0.0278	40	8.8	3
Juniperus monosperma	32.35	1.6294688427809	36.7	2000	1.98	2.9	2.904	0.0304	40	8.8	3
Juniperus monosperma	32.16	1.54777745865372	37.1	2000	2.1	3	2.243	0.0249	40	8.8	3
Juniperus monosperma	22.25	1.34440036003892	36.4	2000	1.73	2.9	5.358	0.0634	40	8.8	3
Juniperus monosperma	23.18	1.33007713508659	36.5	2000	2.05	2.7	4.799	0.054	40	8.8	3
Juniperus monosperma	25.07	1.58090587377981	36.6	2000	1.93	2.7	6.644	0.082	40	8.8	3
Juniperus monosperma	28.61	1.57615032705345	36.1	2000	1.73	2.9	5.532	0.0718	40	8.8	3
Juniperus monosperma	28.39	1.50649177555633	36.1	2000	2.05	2.7	5.302	0.0672	40	8.8	3
Juniperus monosperma	29.14	1.47806762496311	36.3	2000	1.93	2.7	5.497	0.0637	40	8.8	3
Juniperus monosperma	31.51	1.74453972770407	36.5	2000	1.73	2.9	4.697	0.0701	40	8.8	3
Juniperus monosperma	29.07	1.68177843304877	35.5	2000	2.05	2.7	6.422	0.0782	40	8.8	3
Juniperus monosperma	31.16	1.56352897265712	36.5	2000	1.93	2.7	5.002	0.0577	40	8.8	3
Juniperus monosperma	35.77	1.5762425063863	36.8	2000	1.73	2.9	3.275	0.0409	40	8.8	3
Juniperus monosperma	33.41	1.73682158225133	36.1	2000	2.05	2.7	5.284	0.0668	40	8.8	3
Juniperus monosperma	34.52	1.46503747449034	37.1	2000	1.93	2.7	3.699	0.0455	40	8.8	3
Juniperus monosperma	35.19	1.61181089143774	36.8	2000	1.73	2.9	3.368	0.0503	40	8.8	3
Juniperus monosperma	34.46	1.72684302736555	36.2	2000	2.05	2.7	4.833	0.0642	40	8.8	3
Juniperus monosperma	35.64	1.44445937432217	37	2000	1.93	2.7	3.659	0.0402	40	8.8	3
Juniperus monosperma	36.79	1.60319384948344	37.1	2000	1.73	2.9	3.051	0.0447	40	8.8	3
Juniperus monosperma	36.01	1.71406348243827	36.5	2000	2.05	2.7	4.098	0.0537	40	8.8	3
Juniperus monosperma	36.53	1.45575077485881	37.2	2000	1.93	2.7	2.95	0.0389	40	8.8	3
Juniperus monosperma	33.96	1.25725104539475	37.1	2000	1.73	2.9	2.748	0.031	40	8.8	3
Juniperus monosperma	34.91	1.60458904501287	36.4	2000	2.05	2.7	4.015	0.0516	40	8.8	3
Juniperus monosperma	35.86	1.38532125262498	37.1	2000	1.93	2.7	3.271	0.0395	40	8.8	3
Juniperus monosperma	21.83	1.00657336270162	37.9	2000	1.1	2.5	5.488	0.06	40	8.8	3
Juniperus monosperma	23.76	1.35110609336671	37.8	2000	1.25	2.5	6.268	0.085	40	8.8	3
Juniperus monosperma	24.73	1.61708525896503	37.2	2000	1.75	2.7	6.299	0.074	40	8.8	3
Juniperus monosperma	26.17	1.65525717044834	37.9	2000	1.1	2.5	5.645	0.058	40	8.8	3
Juniperus monosperma	27.73	1.87078942555985	37.7	2000	1.25	2.5	6.309	0.076	40	8.8	3
Juniperus monosperma	28.4	2.02873703467819	37.2	2000	1.75	2.7	5.987	0.078	40	8.8	3
Juniperus monosperma	29.81	1.86690533671778	38	2000	1.1	2.5	5.049	0.045	40	8.8	3
Juniperus monosperma	30.9	2.00693239450233	37.9	2000	1.25	2.5	5.279	0.059	40	8.8	3
Juniperus monosperma	31.77	2.15317132600765	37.5	2000	1.75	2.7	5.146	0.062	40	8.8	3
Juniperus monosperma	32.69	1.81317706267594	38.2	2000	1.1	2.5	3.516	0.028	40	8.8	3
Juniperus monosperma	33.93	2.01838980194456	38.1	2000	1.25	2.5	3.759	0.038	40	8.8	3
Juniperus monosperma	34.65	2.25463937272248	37.7	2000	1.75	2.7	4.492	0.052	40	8.8	3
Juniperus monosperma	35.44	1.57068136216326	38.5	2000	1.1	2.5	2.596	0.022	40	8.8	3
Juniperus monosperma	35.54	1.80249427835138	38.3	2000	1.25	2.5	2.795	0.027	40	8.8	3
Juniperus monosperma	36.65	2.11597550130102	37.9	2000	1.75	2.7	3.543	0.045	40	8.8	3
Juniperus monosperma	35.85	1.51208412382382	38.4	2000	1.1	2.5	2.928	0.024	40	8.8	3
Juniperus monosperma	38.29	1.74912828695537	38.5	2000	1.25	2.5	2.389	0.025	40	8.8	3
Juniperus monosperma	38.4	1.99917163149266	37.8	2000	1.75	2.7	3.145	0.039	40	8.8	3
Juniperus monosperma	35.54	1.33249427835138	38.4	2000	1.1	2.5	2.102	0.019	40	8.8	3
Juniperus monosperma	34.23	1.37758259283739	38.5	2000	1.25	2.5	2.556	0.024	40	8.8	3
Juniperus monosperma	34.13	1.55770803671554	38.1	2000	1.75	2.7	3.271	0.037	40	8.8	3

